Symbol,Date,Open,High,Low,Close,Volume
AAME,05-May-2010,1.68,1.68,1.65,1.65,6400
AAON,05-May-2010,6.9097,6.9985,6.6341,6.6874,138100
AAPL,05-May-2010,36.1471,36.8771,35.5329,36.57,31539300
AAWW,05-May-2010,56.97,59.02,54.29,54.81,1320900
AAXJ,05-May-2010,54.64,55.13,54.01,54.58,194400
ABAX,05-May-2010,24.98,25.51,24.55,25.2,131600
ABCB,05-May-2010,10.67,10.71,10.51,10.68,155800
ABCD,05-May-2010,4.96,5.08,4.85,5.01,25200
ABIO,05-May-2010,204.96,204.96,184.8,190.26,385800
ABMD,05-May-2010,9.17,9.31,8.99,9.02,182000
ACAD,05-May-2010,1.55,1.64,1.52,1.58,388100
ACET,05-May-2010,6.41,6.45,6.12,6.27,108200
ACFC,05-May-2010,2.65,2.65,2.6,2.6,600
ACGL,05-May-2010,24.6533,25.0967,24.6533,25.01,287000
ACHN,05-May-2010,2.68,2.68,2.5,2.52,160000
ACIW,05-May-2010,6.4333,6.7133,6.3867,6.6567,269800
ACLS,05-May-2010,8.84,9.76,8.32,9.44,1504200
ACMR,05-May-2010,3.81,3.89,3.71,3.71,36600
ACOR,05-May-2010,37.84,38.48,36.85,38.29,910200
ACTG,05-May-2010,14.43,14.73,14.01,14.4,371500
ACWI,05-May-2010,41.64,42.19,41.52,41.66,667500
ACWX,05-May-2010,38.54,39.17,38.52,38.68,257000
ACXM,05-May-2010,18.3,18.33,17.67,18.08,1054300
ADBE,05-May-2010,32.68,33.58,32.54,32.96,12226100
ADES,05-May-2010,3.845,3.995,3.75,3.76,10500
ADI,05-May-2010,29.04,29.69,28.47,29.24,3897600
ADP,05-May-2010,37.6296,38.209,37.2432,37.4539,3594700
ADRA,05-May-2010,25.1,25.24,24.86,25.12,19000
ADRD,05-May-2010,19.52,19.69,18.36,19.5,26400
ADRE,05-May-2010,41.35,42.15,40.85,41.54,331300
ADRU,05-May-2010,18.92,19.17,18.76,19.05,10300
ADSK,05-May-2010,33.06,33.2,31.7,31.71,7704000
ADTN,05-May-2010,26.54,27.33,26.21,26.94,1314100
ADUS,05-May-2010,4.8,4.99,4.8,4.94,14300
AEHR,05-May-2010,2.8,2.9,2.8,2.89,13200
AEIS,05-May-2010,14.11,14.24,13.61,13.72,523600
AETI,05-May-2010,2.98,3.04,2.82,2.96,2800
AEY,05-May-2010,2.43,2.7,2.4,2.69,33400
AEZS,05-May-2010,720,774,690,744,3664600
AFAM,05-May-2010,40.63,41.14,40.16,40.63,105400
AFSI,05-May-2010,6.83,6.91,6.75,6.785,134000
AGEN,05-May-2010,1.13,1.16,1.1,1.11,1019400
AGII,05-May-2010,31.93,33.82,31.78,31.8,323400
AGNC,05-May-2010,27.02,27.16,26.2,27.02,978300
AGYS,05-May-2010,8.73,8.85,8.44,8.6,161100
AHGP,05-May-2010,31.31,31.77,30.51,30.85,39200
AHPI,05-May-2010,3.85,3.85,3.68,3.68,700
AIMC,05-May-2010,15.11,15.16,14.63,14.95,255400
AINV,05-May-2010,11.75,12.16,10.76,11.97,3114200
AIRT,05-May-2010,12.3,12.48,12,12,5900
AKAM,05-May-2010,37.59,38.83,37.39,38.1,4379700
AKRX,05-May-2010,2.6,2.9,2.51,2.54,1798700
ALCO,05-May-2010,26.75,26.99,26.44,26.48,10400
ALGN,05-May-2010,17.45,17.59,17.25,17.49,1394900
ALGT,05-May-2010,49.91,52.55,49.86,51.02,332100
ALIM,05-May-2010,10.84,10.84,10.72,10.76,36500
ALKS,05-May-2010,12.69,12.85,12.16,12.66,748600
ALLT,05-May-2010,5.32,5.32,4.95,5.03,82100
ALNY,05-May-2010,17.13,17.13,16.88,16.9,307100
ALOG,05-May-2010,47.53,47.93,46.33,46.34,58500
ALOT,05-May-2010,7.5,7.6,7.5,7.6,1600
ALRN,05-May-2010,0.76,0.76,0.75,0.75,6200
ALSK,05-May-2010,8.37,8.52,8.23,8.27,524100
ALTR,05-May-2010,24.53,25.01,24.06,24.7,8243400
ALXN,05-May-2010,26.785,27.155,25.93,27.055,997500
AMAG,05-May-2010,33.29,33.78,33,33.22,311600
AMAT,05-May-2010,13.27,13.48,13.08,13.22,26151700
AMCN,05-May-2010,5.48,5.53,5.3,5.34,43500
AMD,05-May-2010,8.44,8.88,8.35,8.58,36738000
AMED,05-May-2010,56.09,56.67,55,55.83,310900
AMGN,05-May-2010,56.94,57.35,56.3,56.6,5994700
AMKR,05-May-2010,7.03,7.2,6.86,6.97,3694900
AMNB,05-May-2010,21.78,21.78,21.39,21.39,3800
AMOT,05-May-2010,3.8,4.27,3.8,4.27,11900
AMPH,05-May-2010,23.44,23.88,22.65,23.39,76200
AMRB,05-May-2010,8.65,8.79,8.45,8.45,18500
AMRN,05-May-2010,2.35,2.41,2.2,2.22,337800
AMSC,05-May-2010,275.1,281.4,265.7,274.6,733100
AMSF,05-May-2010,17.49,17.75,17.29,17.41,82800
AMSWA,05-May-2010,6.25,6.35,6.23,6.23,46100
AMTD,05-May-2010,19.61,19.85,19.38,19.7,4868900
AMWD,05-May-2010,24.25,24.39,23.4,23.43,17400
AMZN,05-May-2010,128,131.61,127.55,130.93,9462100
ANAT,05-May-2010,107.47,110.24,107.47,109.17,20500
ANCX,05-May-2010,6.22,6.22,5.99,6,17700
ANDE,05-May-2010,23.78,24.4467,23.4067,24.1267,251400
ANGO,05-May-2010,16.05,16.19,15.83,15.9,72000
ANIK,05-May-2010,7.09,7.21,6.98,6.99,17200
ANSS,05-May-2010,43.98,44.75,43.67,43.81,494400
ANTH,05-May-2010,451.2,452.48,430.72,452.48,8100
AOSL,05-May-2010,17.25,17.5,16.52,16.7,89700
APEI,05-May-2010,42.69,43.38,42.54,42.96,100900
APOG,05-May-2010,13.83,14.5,13.55,14.25,563000
ARAY,05-May-2010,6.25,6.37,6.24,6.27,178700
ARCC,05-May-2010,15.13,15.25,13.75,15.01,2528000
ARCI,05-May-2010,3.67,3.9,3.52,3.9,20900
ARCW,05-May-2010,1.1,1.1,1.06,1.08,5800
AREX,05-May-2010,8.7,8.82,8.48,8.72,83700
ARII,05-May-2010,15.82,16.04,13.58,13.89,312100
ARKR,05-May-2010,13.79,14.12,13.7,13.7,8100
ARLP,05-May-2010,23.315,23.35,21.48,22.55,313700
ARNA,05-May-2010,32.1,33.1,31.8,32.2,2283800
AROW,05-May-2010,26.97,27.24,26.63,26.63,16000
ARQL,05-May-2010,6.15,6.33,6.01,6.25,734600
ARRS,05-May-2010,12.18,12.33,12.01,12.13,1503100
ARRY,05-May-2010,3.65,3.75,3.55,3.65,540200
ARTNA,05-May-2010,18.83,18.83,18.32,18.32,10400
ARTW,05-May-2010,5.84,6.2,5.75,5.97,2300
ARTX,05-May-2010,1.73,1.8,1.67,1.77,22800
ARWR,05-May-2010,1.36,1.39,1.26,1.33,519800
ASCMA,05-May-2010,29.12,29.54,29.11,29.2,19700
ASFI,05-May-2010,7.95,8.58,7.83,7.91,82200
ASML,05-May-2010,30.92,31.83,30.89,31.24,3724600
ASPS,05-May-2010,23.96,24.05,23.35,23.42,155300
ASRV,05-May-2010,2.27,2.27,2.16,2.21,20100
ASRVP,05-May-2010,22.95,22.95,22.95,22.95,0
ASTC,05-May-2010,2.57,2.59,2.42,2.5,206600
ASTE,05-May-2010,32.18,32.5,31.09,31.55,194900
ASUR,05-May-2010,1.58,1.58,1.5733,1.5733,200
ASYS,05-May-2010,9.25,9.34,9,9.13,46600
ATAC,05-May-2010,19.28,19.41,18.68,18.86,136000
ATAI,05-May-2010,3.5,3.52,3.5,3.52,15300
ATAX,05-May-2010,5.45,5.52,5.44,5.5,112100
ATEC,05-May-2010,77.88,80.16,76.56,76.92,393000
ATHN,05-May-2010,28.26,28.69,28.06,28.11,1237800
ATHX,05-May-2010,3.2,3.27,3.1,3.25,52300
ATLO,05-May-2010,18.52,19.36,18.5,18.59,8600
ATNI,05-May-2010,54.56,54.56,52.9,54.15,60100
ATRC,05-May-2010,5.36,5.71,5.35,5.59,6800
ATRI,05-May-2010,146.95,146.95,146.95,146.95,200
ATRO,05-May-2010,12.0417,13.2,11.9667,12.8833,48100
ATSG,05-May-2010,5.25,5.59,5.1,5.5,543400
ATVI,05-May-2010,10.82,10.93,10.61,10.75,24727400
AUBN,05-May-2010,18.58,19.21,18.2,18.25,3100
AUDC,05-May-2010,3.38,3.39,3.26,3.3,150300
AVAV,05-May-2010,25.9,26.1,25.78,25.95,212600
AVEO,05-May-2010,8.58,9.03,8.4,8.56,39600
AVGO,05-May-2010,19.94,20.06,19.2,19.59,626500
AVID,05-May-2010,14.57,14.76,14.47,14.5,168800
AVNW,05-May-2010,74.76,74.76,72.36,72.6,323000
AWRE,05-May-2010,2.46,2.49,2.31,2.31,19400
AXAS,05-May-2010,2.78,2.85,2.59,2.72,582400
AXTI,05-May-2010,4.2,4.53,4.06,4.33,361200
AZPN,05-May-2010,11.45,11.73,11.12,11.23,162700
BABY,05-May-2010,16.58,16.72,16.39,16.44,78500
BANF,05-May-2010,43.41,43.6,42.69,42.86,11600
BANFP,05-May-2010,25.3,25.3,25.3,25.3,0
BANR,05-May-2010,37.66,38.92,36.05,37.59,295700
BASI,05-May-2010,1.12,1.13,1.12,1.12,2300
BBBY,05-May-2010,45.79,46.21,45,45.21,3454300
BBGI,05-May-2010,5.25,5.5,5.16,5.2,14600
BBOX,05-May-2010,30.77,31.3,30.3,30.3,87400
BBSI,05-May-2010,15.05,16,15,15.37,50100
BCBP,05-May-2010,9.1,9.26,8.81,9.26,300
BCOM,05-May-2010,28.6,28.95,28.21,28.75,10700
BCPC,05-May-2010,24.82,25,22.07,24.33,236400
BCRX,05-May-2010,7.55,7.97,7.43,7.62,728100
BDGE,05-May-2010,23.17,23.35,22.8,22.8,4900
BDSI,05-May-2010,3.31,3.46,3.31,3.39,163400
BEAT,05-May-2010,9.75,9.92,9.3,9.89,436200
BECN,05-May-2010,21.95,21.95,21.35,21.4,617200
BELFA,05-May-2010,21.14,21.14,21,21,500
BELFB,05-May-2010,23.73,24.09,23.26,23.64,21200
BFIN,05-May-2010,9.45,9.62,9.25,9.27,36700
BGCP,05-May-2010,6.53,6.63,6.21,6.25,383800
BGFV,05-May-2010,17,17.37,16.95,17.01,115200
BIB,05-May-2010,6.9375,6.9375,6.7713,6.9163,800
BICK,05-May-2010,28.32,28.56,28,28.3,30300
BIDU,05-May-2010,68.414,69.888,67.154,68.953,1436200
BIIB,05-May-2010,48.2017,48.736,47.9162,48.5426,2541000
BIOC,05-May-2010,14.73,15.81,14.73,15.3,2800
BIOS,05-May-2010,7.71,8,7.56,7.85,636500
BIS,05-May-2010,258.88,258.92,255.76,256.4,3000
BJRI,05-May-2010,23.75,23.88,23.26,23.39,198600
BKCC,05-May-2010,10.2,10.3,9.37,10.18,541800
BKMU,05-May-2010,7.28,7.35,7.22,7.24,201900
BKSC,05-May-2010,11,11,11,11,200
BLDP,05-May-2010,2.26,2.27,2.2,2.26,284000
BLDR,05-May-2010,3.76,3.86,3.7,3.74,219700
BLIN,05-May-2010,6.4,6.4,6.25,6.3,7000
BLKB,05-May-2010,22.7,23.02,22.44,22.47,284800
BMRC,05-May-2010,33.09,33.19,32.76,33.05,4200
BMRN,05-May-2010,21.06,21.49,20.69,21.01,1692100
BMTC,05-May-2010,18.54,18.54,17.91,17.99,11900
BNCL,05-May-2010,10.23,10.45,10.22,10.41,148200
BNSO,05-May-2010,1.21,1.21,1.21,1.21,200
BOBE,05-May-2010,30.56,30.87,29.97,29.98,218600
BOCH,05-May-2010,4.85,4.96,4.65,4.75,53300
BOFI,05-May-2010,4.325,4.325,3.845,4.025,327300
BOKF,05-May-2010,54.28,55.55,53.87,54.93,148500
BOOM,05-May-2010,17.16,17.2,16.6,16.61,181900
BOSC,05-May-2010,5.08,5.2,5,5.2,16400
BPFH,05-May-2010,7.12,7.33,6.98,7.29,666100
BPOP,05-May-2010,36.8,38.7,35.6,36.5,30203500
BPOPM,05-May-2010,19.95,20,19.3,19.3,6100
BPOPN,05-May-2010,21.08,21.08,19.25,19.5,11600
BRID,05-May-2010,12.42,13.5,12.39,13.5,5800
BRKL,05-May-2010,10.41,10.78,10.35,10.67,362500
BRKR,05-May-2010,14.48,15.23,13.63,15.06,1552700
BRKS,05-May-2010,9.25,9.66,9.08,9.44,503600
BSET,05-May-2010,5.78,5.9,5.52,5.56,8000
BSPM,05-May-2010,84.84,86.1,80.22,83.16,298500
BSQR,05-May-2010,2.89,2.89,2.58,2.58,31000
BSRR,05-May-2010,12.47,12.48,12.35,12.4,17100
BSTC,05-May-2010,31.15,31.43,30.53,31.25,12300
BUSE,05-May-2010,4.84,4.97,4.75,4.78,106400
BVSN,05-May-2010,13,13,13,13,100
BWEN,05-May-2010,37.6,38.6,35.2,37.7,447400
BWINA,05-May-2010,24.22,24.22,24.22,24.22,0
BWINB,05-May-2010,24.7,24.92,24.17,24.17,10900
BWLD,05-May-2010,40.47,40.6,39.29,39.75,609700
BYFC,05-May-2010,5.41,5.41,4.73,4.73,700
CA,05-May-2010,22.17,22.28,21.87,21.98,5745000
CAAS,05-May-2010,20.42,20.42,17.75,19.32,1625100
CAC,05-May-2010,35.3,35.67,35,35.1,10200
CACC,05-May-2010,44.66,45.1,44.44,44.48,65700
CADC,05-May-2010,42.36,44.76,39,42.48,304400
CAKE,05-May-2010,26.91,27.53,26.41,26.77,1425700
CALD,05-May-2010,3.03,3.08,3.03,3.05,73000
CALI,05-May-2010,23.1,23.1,21.06,22.26,29100
CALM,05-May-2010,16.125,16.625,16.125,16.575,94000
CAMP,05-May-2010,2.8,2.88,2.67,2.67,193000
CAMT,05-May-2010,2.84,2.98,2.8,2.94,89700
CART,05-May-2010,5.38,5.38,5.38,5.38,900
CARV,05-May-2010,8.7,8.7,8.7,8.7,2200
CASA,05-May-2010,3.25,3.3,2.62,3,47300
CASH,05-May-2010,27.68,27.83,27.65,27.83,1200
CASM,05-May-2010,1.8,1.8,1.6,1.6,16400
CASS,05-May-2010,31.21,31.84,31.21,31.65,5600
CASY,05-May-2010,38.06,38.1,37.75,37.81,972400
CATM,05-May-2010,13.9,14,13.43,13.66,349600
CATY,05-May-2010,11.71,12.64,11.7,12.54,1360700
CAVM,05-May-2010,26.73,27.92,26.22,27.23,901900
CBAK,05-May-2010,10.2,10.25,9.9,10,430900
CBAN,05-May-2010,7.51,8.25,7.5,7.73,8500
CBLI,05-May-2010,76,76.2,73,75,32000
CBPO,05-May-2010,11.74,12.09,11.25,12.04,101200
CBRL,05-May-2010,49.1,50.21,48.5,49.39,270500
CBSH,05-May-2010,40.53,40.89,40.26,40.63,284000
CCBG,05-May-2010,17.88,18.02,17.43,17.46,19000
CCMP,05-May-2010,37.49,38.13,37.08,37.52,149700
CCNE,05-May-2010,15.01,15.36,14.31,14.87,22000
CCOI,05-May-2010,9.99,10.1,9.79,9.91,348300
CCRN,05-May-2010,9.8,10.02,9.62,9.67,76200
CCUR,05-May-2010,5.66,5.74,5.31,5.51,31900
CDNS,05-May-2010,7.17,7.25,7.03,7.12,2270000
CDTI,05-May-2010,7.5,7.5,7.4,7.45,3400
CDXS,05-May-2010,13.44,13.9,13.25,13.4,33000
CDZI,05-May-2010,12.61,13.84,12.61,13.84,78300
CECE,05-May-2010,5.25,5.37,5.24,5.36,23700
CECO,05-May-2010,28.98,30.27,28.98,30,1930300
CELG,05-May-2010,29.915,30.21,29.345,30.12,5191200
CELH,05-May-2010,3.2,3.48,3.17,3.29,26600
CENT,05-May-2010,10.59,11.09,10.5,11,142700
CENTA,05-May-2010,10.06,10.13,9.77,10.04,239900
CENX,05-May-2010,11.75,13,11.55,12.42,6156100
CERN,05-May-2010,21.09,21.19,20.975,21.0575,894200
CERS,05-May-2010,2.8,2.9,2.61,2.8,449400
CETV,05-May-2010,30.9,31.48,25.63,26,2037000
CEVA,05-May-2010,12.31,12.45,12.1,12.22,199000
CFBK,05-May-2010,8.5,8.5,8.5,8.5,300
CFFI,05-May-2010,19.23,19.92,19.23,19.6,1600
CFFN,05-May-2010,37.34,37.71,36.6,37.08,75900
CGEN,05-May-2010,4.58,4.73,4.47,4.65,163700
CGNX,05-May-2010,10.94,10.955,10.595,10.73,314000
CHCI,05-May-2010,2.54,2.74,2.35,2.53,356800
CHCO,05-May-2010,32.75,33.54,32.52,33.45,150600
CHDN,05-May-2010,38,38.61,37.88,37.88,35000
CHFC,05-May-2010,23.32,24.11,23.27,24.1,143200
CHFN,05-May-2010,9.7458,9.7458,9.7458,9.7458,1100
CHKE,05-May-2010,20.52,20.59,19.4,19.72,92700
CHKP,05-May-2010,34.2,34.31,33.59,33.62,4405900
CHNR,05-May-2010,11.5,11.6,11.25,11.5,13300
CHRS,05-May-2010,5.9,6.14,5.84,5.99,3534600
CHRW,05-May-2010,60.6,61.52,60.31,60.71,2088800
CHSCP,05-May-2010,27.4,27.59,27.4,27.44,23200
CIDM,05-May-2010,21.6,26.6,19.5,25.3,362900
CINF,05-May-2010,27.76,28.11,27.07,27.9,1867900
CIZN,05-May-2010,22.45,22.64,22.21,22.26,5400
CLCT,05-May-2010,14,14.2,12.42,13.55,72300
CLDX,05-May-2010,7.92,8.15,7.14,7.67,1385000
CLFD,05-May-2010,2.55,2.74,2.5,2.73,74600
CLMT,05-May-2010,20.82,21.27,16.6,17.81,1101300
CLNE,05-May-2010,17.37,17.88,16.31,17.14,2216700
CLRO,05-May-2010,3.03,3.06,3.02,3.06,1300
CLSN,05-May-2010,4.9,4.9,4,4.25,128000
CLUB,05-May-2010,3.46,3.49,3.38,3.48,110100
CLWT,05-May-2010,9.955,10.065,9.46,9.845,58000
CMCO,05-May-2010,17.7,18.02,17.27,17.79,95500
CMCSA,05-May-2010,9.955,10.145,9.765,9.87,24421400
CME,05-May-2010,63.676,66.282,63.466,64.934,634500
CMTL,05-May-2010,30.89,32.99,30.79,32.7,510800
CNBKA,05-May-2010,18.51,18.73,17.11,18.1,24300
CNMD,05-May-2010,22.28,22.5,22.13,22.14,227400
CNOB,05-May-2010,8.12,8.24,8.05,8.05,20400
CNSL,05-May-2010,18.56,18.56,18.08,18.42,150400
CNTF,05-May-2010,11.25,11.35,10.8,11,136700
CNTY,05-May-2010,2.66,2.75,2.63,2.74,156500
COBZ,05-May-2010,6.75,6.75,6.61,6.67,114700
COGT,05-May-2010,10.25,10.36,10.15,10.15,434300
COHR,05-May-2010,37.41,37.91,35.72,36.24,395200
COHU,05-May-2010,16.4,16.69,16.03,16.1,173200
COKE,05-May-2010,54.45,55.64,54.45,55.22,48600
COLB,05-May-2010,21.63,22.43,21.41,22.37,752700
COLM,05-May-2010,27.775,28.105,27.155,27.205,148600
CONN,05-May-2010,9.17,9.35,8.77,9.07,222500
COOL,05-May-2010,35.7,35.7,34.86,35.28,95900
CORE,05-May-2010,7.5225,7.545,7.39,7.4825,146700
CORT,05-May-2010,3.69,3.93,3.51,3.8,184400
COST,05-May-2010,59.75,60.83,59.72,60.36,6438700
COWN,05-May-2010,5.35,5.52,5.29,5.5,267200
CPHC,05-May-2010,8,8,8,8,500
CPIX,05-May-2010,10.63,10.63,10.1,10.18,58400
CPLA,05-May-2010,91.45,92.61,90.64,92.02,197400
CPLP,05-May-2010,8.62,8.62,7.8,8.21,395800
CPRT,05-May-2010,8.9,8.97,8.8625,8.915,435800
CPRX,05-May-2010,1.29,1.32,1.26,1.26,116300
CPSI,05-May-2010,44.1,44.82,43.89,44.16,53100
CPSS,05-May-2010,1.85,1.85,1.61,1.74,47900
CPST,05-May-2010,25,26.8,24.6,26,7738200
CRAI,05-May-2010,23.35,23.44,22.53,22.77,29500
CRAY,05-May-2010,6.1,6.12,5.67,5.9,1161100
CRED,05-May-2010,9.49,9.55,9.03,9.04,17100
CREE,05-May-2010,70,72.31,69,71.35,3531800
CREG,05-May-2010,32,32.3,29,32.3,100900
CRESY,05-May-2010,13.49,13.98,13.49,13.52,55400
CRIS,05-May-2010,3.15,3.18,3,3.12,538900
CRME,05-May-2010,41.4,43.4,40,43,486800
CRMT,05-May-2010,25.19,25.19,24.09,24.1,45900
CRNT,05-May-2010,9.5,9.55,9.24,9.35,482200
CROX,05-May-2010,9.82,10.2,9.39,9.82,3276700
CRUS,05-May-2010,12.14,12.32,11.71,11.73,2085300
CRVL,05-May-2010,17.465,17.995,17.455,17.48,9500
CRWS,05-May-2010,4.03,4.15,3.66,4.1,6000
CRZO,05-May-2010,21.83,22.27,20.9,21.64,690900
CSBK,05-May-2010,9.7,9.84,9.6,9.66,14000
CSCO,05-May-2010,26.31,26.82,26.15,26.55,49889200
CSFL,05-May-2010,11.89,12.09,11.69,11.86,66500
CSGP,05-May-2010,43.23,43.48,42.82,42.9,96200
CSGS,05-May-2010,22.64,22.71,22.31,22.48,388900
CSII,05-May-2010,5,5,4.78,4.79,28200
CSIQ,05-May-2010,16.25,17.35,16,16.14,3372200
CSPI,05-May-2010,4.26,4.7,4.06,4.18,658500
CSTR,05-May-2010,47.5,51.54,47.25,50.25,3753600
CSWC,05-May-2010,23.23,23.4475,22.7575,23.0075,2800
CSX,05-May-2010,18.1733,18.2533,17.8367,17.94,5187100
CTAS,05-May-2010,26.84,27.19,26.65,26.7,902500
CTBI,05-May-2010,30,30.5,29.6,30,32600
CTHR,05-May-2010,2.33,2.58,2.2,2.27,16300
CTIB,05-May-2010,5.48,5.89,5.45,5.89,49700
CTIC,05-May-2010,26.5,27,26,26.5,7189600
CTRN,05-May-2010,33.57,34.65,33.22,34.01,139700
CTRP,05-May-2010,18.005,18.095,17.32,17.74,1882300
CTSH,05-May-2010,25.725,25.745,23.865,25.495,4920400
CTWS,05-May-2010,23.68,23.8,22.89,22.93,19400
CTXS,05-May-2010,37.1258,37.5318,36.4809,36.6162,4202500
CUBA,05-May-2010,6.6,6.69,6.5,6.69,4500
CUTR,05-May-2010,11.2,11.2,10.81,10.87,87700
CVBF,05-May-2010,10.45,10.72,10.28,10.55,651200
CVCO,05-May-2010,40.59,40.59,39.29,39.79,35100
CVCY,05-May-2010,7.88,7.99,7.54,7.99,4100
CVGI,05-May-2010,9.86,9.93,9.44,9.64,145800
CVGW,05-May-2010,17.73,17.75,17.33,17.63,26800
CVLT,05-May-2010,20.66,20.73,20.35,20.41,331400
CVLY,05-May-2010,8.03,8.37,8.01,8.01,4600
CVTI,05-May-2010,7.44,7.85,7.29,7.57,18100
CVV,05-May-2010,3.37,3.37,3.37,3.37,0
CWBC,05-May-2010,3.26,3.26,3.24,3.25,2800
CWCO,05-May-2010,14.25,14.66,14,14.07,26700
CWST,05-May-2010,5.07,5.08,5,5.03,39000
CXDC,05-May-2010,6.7,6.74,6.05,6.29,96200
CY,05-May-2010,12.32,12.68,12.12,12.25,3912700
CYAN,05-May-2010,2.58,2.58,2.55,2.56,7100
CYBE,05-May-2010,11.19,11.19,10.8,10.9,6000
CYCC,05-May-2010,203.28,205.8,193.2,194.88,1398900
CYCCP,05-May-2010,4,4,4,4,0
CYOU,05-May-2010,31.01,31.3,30.5,31.06,194600
CYTK,05-May-2010,18.6,19.08,16.92,18,850900
CYTR,05-May-2010,8.05,8.19,7.7,7.84,705800
CYTX,05-May-2010,90.9,91.5,87.3,88.35,1160100
CYTXW,05-May-2010,3.9,4.18,3.9,3.95,15200
CZFC,05-May-2010,7.25,7.3,7.25,7.27,1500
CZNC,05-May-2010,12.52,12.7,12.01,12.31,20000
CZWI,05-May-2010,4.02,4.2,4,4.05,6600
DAIO,05-May-2010,4.4,4.42,4.26,4.26,33200
DAKT,05-May-2010,7.91,8.05,7.8,8.01,150000
DAVE,05-May-2010,9.19,9.19,8.75,8.75,56700
DCOM,05-May-2010,13.05,13.66,13.05,13.26,162300
DENN,05-May-2010,3.25,3.36,3.25,3.31,1098200
DEPO,05-May-2010,3.75,3.9,3.54,3.89,512800
DEST,05-May-2010,15.05,15.065,14.685,14.89,17900
DGICA,05-May-2010,14.49,14.69,14.36,14.42,16400
DGICB,05-May-2010,17.51,17.51,17.51,17.51,0
DGII,05-May-2010,10.6,10.74,10.2,10.2,99800
DGLY,05-May-2010,2.05,2.09,1.99,2.04,50900
DHIL,05-May-2010,75.86,77.06,75,75.99,1900
DIOD,05-May-2010,21.02,21.27,20.33,20.92,530400
DISCA,05-May-2010,38.42,38.57,37.25,37.59,2530700
DISCB,05-May-2010,38,38,38,38,100
DISCK,05-May-2010,16.545,16.545,15.72,15.865,635200
DISH,05-May-2010,22.02,22.16,21.66,21.82,3110900
DJCO,05-May-2010,73.6,73.6,71,71,600
DLTR,05-May-2010,20.2034,20.7134,20.2034,20.3834,881600
DMLP,05-May-2010,28.09,28.09,26.21,26.4,97400
DMRC,05-May-2010,17.95,18.13,17.85,18.09,18800
DNBF,05-May-2010,6.98,7,6.9,7,3100
DORM,05-May-2010,12.55,12.59,12.2,12.225,37400
DRAD,05-May-2010,2.19,2.33,2.07,2.32,410200
DRRX,05-May-2010,2.89,2.95,2.77,2.77,121600
DRYS,05-May-2010,9408000,9777600,9206400,9458400,15941200
DSGX,05-May-2010,5.82,5.98,5.82,5.9,6300
DSPG,05-May-2010,8.14,8.45,8.13,8.27,101900
DSWL,05-May-2010,4.79,5,4.75,4.92,44400
DUSA,05-May-2010,2.27,2.35,2,2.03,212000
DVAX,05-May-2010,16.5,17.4,15.5,16.9,645000
DWCH,05-May-2010,2.63,2.78,2.63,2.77,500
DWSN,05-May-2010,28.5,28.51,27.01,27.53,88800
DXCM,05-May-2010,10.65,10.9,10.3,10.52,267100
DXPE,05-May-2010,17.37,17.53,16.95,17.18,62900
DXYN,05-May-2010,5,5.19,4.45,5.16,19900
DYNT,05-May-2010,5.05,5.05,4.85,5,8900
EBAY,05-May-2010,9.7179,9.7895,9.5032,9.5411,25738600
EBIX,05-May-2010,16.37,16.44,16,16.13,279300
EBMT,05-May-2010,10.42,10.5,10.41,10.41,11100
EBSB,05-May-2010,4.6446,4.6528,4.5956,4.6201,30100
EBTC,05-May-2010,12,12.12,11.65,11.65,13200
ECHO,05-May-2010,13.4,13.6,13.06,13.42,51400
ECOL,05-May-2010,15.11,15.33,14.75,14.92,164400
ECPG,05-May-2010,21.28,21.55,20.81,21.19,223300
EDAP,05-May-2010,3.3,3.35,3.27,3.3,15100
EDGW,05-May-2010,3.05,3.1,2.98,3.05,10900
EDUC,05-May-2010,6.14,6.14,6.05,6.05,800
EEFT,05-May-2010,16.01,16.5,15.94,16.29,444300
EEI,05-May-2010,13.52,13.52,13.2,13.2,10500
EFII,05-May-2010,12.93,13.29,12.93,13.01,176900
EFOI,05-May-2010,1.25,1.25,1.15,1.19,99300
EFSC,05-May-2010,10.81,11.01,10.61,10.71,31300
EGBN,05-May-2010,12.75,12.87,12.6,12.7,38300
EGLE,05-May-2010,7718.4,8323.2,7588.8,7876.8,5329100
EGOV,05-May-2010,7.04,7.17,7.02,7.04,263200
EHTH,05-May-2010,12.67,12.72,12.26,12.69,523700
ELGX,05-May-2010,4.6,4.71,4.32,4.54,132700
ELON,05-May-2010,90.6,94.5,88.9,94,213200
ELSE,05-May-2010,4.25,4.25,4.04,4.04,900
ELTK,05-May-2010,1.5,1.56,1.47,1.55,28500
EMCF,05-May-2010,15.98,15.98,15.98,15.98,0
EMCI,05-May-2010,16.0867,16.22,15.9867,16.0667,11800
EMIF,05-May-2010,29.36,29.6,29.13,29.34,23300
EMITF,05-May-2010,1244.4,1244.4,1176,1213.8,2700
EMKR,05-May-2010,5,5.12,4.88,5,687900
EMMS,05-May-2010,9.16,9.24,9.16,9.16,220800
ENDP,05-May-2010,21.26,21.79,21.08,21.77,2208500
ENG,05-May-2010,3.25,3.25,2.97,3,442400
ENSG,05-May-2010,8.7,8.84,8.69,8.8,80300
ENTG,05-May-2010,6.3,6.37,6.07,6.2,2707900
EPAY,05-May-2010,17.01,17.15,16.74,16.76,197700
EQIX,05-May-2010,99.46,99.49,93.12,95.11,2809100
ERIC,05-May-2010,10.75,10.88,10.65,10.69,13177900
ERIE,05-May-2010,46.06,46.84,46.06,46.49,60600
ERII,05-May-2010,5.9,6,5.8,5.82,216800
ESBK,05-May-2010,16.7,16.7,15.88,15.88,1400
ESCA,05-May-2010,4.03,4.2,3.71,3.73,45300
ESEA,05-May-2010,3.9,3.95,3.75,3.76,135100
ESGR,05-May-2010,65.5,66,65.5,65.6,11900
ESIO,05-May-2010,13.48,14.25,13.41,13.59,81500
ESLT,05-May-2010,59.88,59.88,59,59.09,18600
ESRX,05-May-2010,50.085,51.59,49.99,51.245,2481300
ESSA,05-May-2010,12.85,12.85,12.64,12.67,25600
ETFC,05-May-2010,16.1,16.8,15.5,16.5,82163696
EUFN,05-May-2010,19.99,20.2,19.99,20.07,2400
EVEP,05-May-2010,32.5,32.51,29.14,31.9,685900
EVK,05-May-2010,2.85,3,2.82,3,1800
EVOL,05-May-2010,7.02,7.2,6.94,7.19,16700
EWBC,05-May-2010,18.79,19.36,18.42,19.17,8629400
EXAC,05-May-2010,19.21,20.12,19.21,19.4,30100
EXAS,05-May-2010,4.3,4.49,4.17,4.36,200400
EXEL,05-May-2010,5.74,5.8,5.52,5.66,1034600
EXFO,05-May-2010,5.7,5.8,5.63,5.8,1800
EXLS,05-May-2010,16.1,16.39,15.84,15.94,26600
EXPD,05-May-2010,41.79,41.79,40.54,40.64,2492200
EXPE,05-May-2010,23.37,24,22.61,23.55,7537300
EXPO,05-May-2010,14.79,14.93,14.66,14.76,22000
EXTR,05-May-2010,3.36,3.58,3.34,3.46,600400
EXXI,05-May-2010,17.08,17.8,16.23,16.34,1570200
EZPW,05-May-2010,20.76,20.93,19.24,19.27,1335800
FARM,05-May-2010,18.9,18.94,18.5,18.82,5500
FARO,05-May-2010,25.38,25.64,25.1,25.5,54100
FAST,05-May-2010,26.955,27.15,26.545,26.655,1659100
FBIZ,05-May-2010,10.42,10.42,9.9,10.11,300
FBMS,05-May-2010,9.07,9.07,9.07,9.07,0
FBNC,05-May-2010,15.94,16.25,15.63,15.79,58400
FBSS,05-May-2010,16.95,18,16.95,17.75,1700
FCAL,05-May-2010,3,3.03,2.9,2.99,121300
FCAP,05-May-2010,15.39,15.39,15.39,15.39,1500
FCBC,05-May-2010,15.66,16.43,15.66,16.07,53400
FCCO,05-May-2010,6.69,6.69,6.69,6.69,300
FCCY,05-May-2010,9.24,9.24,7.83,8.49,6900
FCEL,05-May-2010,32.64,33.36,31.8,32.4,679000
FCNCA,05-May-2010,203.8,205.99,199.49,204.07,21700
FDEF,05-May-2010,13.1,13.14,12.55,12.9,46100
FEIM,05-May-2010,5.58,5.69,5.55,5.55,8000
FELE,05-May-2010,16.955,17.19,16.705,16.875,169400
FFBC,05-May-2010,17.43,17.84,17.14,17.47,438300
FFHL,05-May-2010,1.06,1.06,1.06,1.06,11100
FFIC,05-May-2010,13.47,14.22,13.4,14.06,117600
FFIN,05-May-2010,17.4667,17.7567,17.4667,17.63,51400
FFIV,05-May-2010,68.36,69.96,67.59,69.23,1461300
FFKT,05-May-2010,8.1,8.35,7.65,7.74,32800
FFNW,05-May-2010,6,6.14,5.62,5.78,56800
FIBK,05-May-2010,16.05,16.2,16.05,16.18,84000
FINL,05-May-2010,15.7,16.41,15.42,15.88,774100
FISI,05-May-2010,16.34,16.62,16.2,16.3,17900
FISV,05-May-2010,25.6,25.85,25.145,25.475,1382900
FITB,05-May-2010,14.1,14.93,13.99,14.59,16049700
FIZZ,05-May-2010,11.54,11.72,11.32,11.35,54900
FLEX,05-May-2010,7.35,7.65,7.28,7.47,8927600
FLIC,05-May-2010,16.6667,16.8733,16.6333,16.6733,9000
FLIR,05-May-2010,30.04,30.19,29.51,29.76,1709300
FLWS,05-May-2010,2.74,2.8,2.61,2.63,219500
FLXS,05-May-2010,13.18,13.18,12.44,12.61,22300
FMBI,05-May-2010,14.57,14.92,14.16,14.86,777000
FNGN,05-May-2010,15.51,15.99,15.5,15.59,114000
FNLC,05-May-2010,15.49,15.49,14.72,14.72,12300
FNSR,05-May-2010,13.85,14.44,13.35,14.15,1538100
FOLD,05-May-2010,3.16,3.24,3.08,3.17,96400
FONR,05-May-2010,1.64,1.7,1.63,1.7,12500
FORD,05-May-2010,3.82,4.15,3.58,4.05,81600
FORM,05-May-2010,14.27,14.75,14.02,14.66,902100
FORR,05-May-2010,32.42,32.57,31.89,32.01,33000
FORTY,05-May-2010,11.91,12.2,11.75,11.78,21500
FOSL,05-May-2010,38.17,38.68,37.44,37.44,488000
FRBK,05-May-2010,3.31,3.47,3.25,3.26,50500
FRED,05-May-2010,13.76,13.84,13.3,13.31,512400
FRME,05-May-2010,8.68,8.98,8.56,8.87,97700
FRPT,05-May-2010,5.25,5.27,4.7,4.73,2757200
FSFG,05-May-2010,13.11,13.48,12.98,13.31,2500
FSLR,05-May-2010,135.19,137.5,132,133.95,2851700
FSTR,05-May-2010,29.26,29.7,28.48,28.79,26800
FTEK,05-May-2010,7.03,7.2,6.95,7.05,137800
FTNT,05-May-2010,8.925,8.965,8.655,8.815,265700
FULT,05-May-2010,10.21,10.51,10.19,10.42,2020000
FUNC,05-May-2010,6.35,6.53,6.35,6.53,700
FUND,05-May-2010,6.64,6.73,6.31,6.58,53900
FWRD,05-May-2010,28.1,28.24,27.69,27.86,210400
GABC,05-May-2010,10.6,10.76,10.1667,10.1867,11000
GAIA,05-May-2010,9.38,9.44,8.59,8.9,70800
GAIN,05-May-2010,6.23,6.43,6.21,6.23,56800
GALT,05-May-2010,4.08,4.2,3.9,3.96,202700
GASS,05-May-2010,5.27,5.28,5.15,5.16,50300
GBCI,05-May-2010,18.03,18.22,17.75,17.93,519200
GBDC,05-May-2010,14.51,14.56,14.5,14.55,154000
GBNK,05-May-2010,7.55,7.7,7.3,7.5,96300
GCBC,05-May-2010,8,8,8,8,0
GENC,05-May-2010,5.2133,5.26,5.18,5.18,3000
GENE,05-May-2010,6.4,6.4,6,6.05,4000
GERN,05-May-2010,5.65,5.75,5.52,5.55,1339600
GFED,05-May-2010,6.33,6.33,6.33,6.33,0
GFN,05-May-2010,1.32,1.34,1.32,1.34,10200
GGAL,05-May-2010,5.9,5.94,5.77,5.82,405700
GHDX,05-May-2010,16.01,16.07,14.35,16.05,523000
GIFI,05-May-2010,22.92,23.19,22.32,22.44,66700
GIGM,05-May-2010,13.75,14.2,13,13.6,565500
GIII,05-May-2010,13.835,14.21,13.12,13.555,165400
GILD,05-May-2010,19.24,20.185,19.135,20.105,25117800
GILT,05-May-2010,5.95,5.96,5.8,5.9,30700
GLAD,05-May-2010,13.03,13.06,10.08,11.71,1274900
GLBL,05-May-2010,6.27,6.3,6.12,6.14,980700
GLBZ,05-May-2010,10.95,10.95,10.95,10.95,0
GLDD,05-May-2010,5.28,5.92,5.26,5.85,824600
GLNG,05-May-2010,12.92,13.2,12.79,13.02,176600
GLRE,05-May-2010,23.71,24.04,23.52,23.68,179600
GLUU,05-May-2010,1.43,1.43,1.26,1.35,196000
GNCMA,05-May-2010,6.04,6.12,5.92,5.94,76300
GNTX,05-May-2010,10.5,10.59,10.185,10.435,1079200
GOLD,05-May-2010,81.34,82.76,80.32,81.4,1221800
GOOD,05-May-2010,16.55,16.87,16.35,16.71,42900
GOODO,05-May-2010,21.9,22.34,21.9,22.34,600
GOODP,05-May-2010,22.11,22.3,22.11,22.17,500
GOOG,05-May-2010,250.49,257.86,250.235,254.88,4582100
GPIC,05-May-2010,7.75,7.84,7.4,7.69,11600
GPOR,05-May-2010,12.33,12.51,11.39,12.16,361600
GPRE,05-May-2010,13.6,14,13.17,13.55,559200
GPRO,05-May-2010,45.96,46.98,45.96,46.17,302600
GRID,05-May-2010,30.42,30.6,29.87,30.34,8800
GRIF,05-May-2010,29.1,30.47,28.81,30.07,24900
GRMN,05-May-2010,32.5,36,31.99,34.19,7500000
GROW,05-May-2010,8.63,8.84,8.51,8.67,124500
GRVY,05-May-2010,14.96,16,14.4,15.36,42900
GSBC,05-May-2010,24.54,24.75,24.3,24.38,21200
GSIT,05-May-2010,6.26,6.26,5.9,6.08,208200
GSM,05-May-2010,11.89,11.91,11.5,11.77,426400
GT,05-May-2010,13.22,13.73,12.88,13.21,8394700
GTIM,05-May-2010,1.06,1.06,1.06,1.06,100
GTLS,05-May-2010,21.18,21.56,20.53,20.83,383600
GTXI,05-May-2010,3.44,3.58,3.31,3.48,272400
GULF,05-May-2010,15.78,15.78,15.33,15.6,12300
GYRO,05-May-2010,41.87,41.87,41.87,41.87,200
HA,05-May-2010,7.03,7.14,6.99,7.06,684600
HAFC,05-May-2010,2.75,2.78,2.57,2.66,1043200
HAIN,05-May-2010,10.13,10.495,10.09,10.46,755400
HALL,05-May-2010,11.6,11.81,11.45,11.45,50900
HALO,05-May-2010,8.37,8.48,8.11,8.23,427900
HAS,05-May-2010,38.55,39.81,38.44,39.5,2650500
HAWK,05-May-2010,15.52,16.98,15.52,16.04,86400
HAYN,05-May-2010,34.42,34.53,33.35,33.37,65200
HBAN,05-May-2010,6.53,6.87,6.46,6.55,42628800
HBANP,05-May-2010,1022.21,1022.21,1001.02,1005,100
HBCP,05-May-2010,13.78,13.85,13.57,13.7,42200
HBHC,05-May-2010,39.01,39.9,38.6,39.37,139300
HBIO,05-May-2010,4.18,4.38,4.18,4.34,116300
HBNC,05-May-2010,6.6874,6.7852,6.4474,6.7555,8600
HCCI,05-May-2010,9.4,9.47,9.09,9.11,7800
HCKT,05-May-2010,2.78,2.84,2.75,2.81,66300
HCSG,05-May-2010,14.1667,14.38,14.1,14.1267,121000
HDNG,05-May-2010,10,10,9.85,9.85,43200
HDSN,05-May-2010,2.42,2.51,2.33,2.5,39100
HEES,05-May-2010,12.02,12.06,11.37,11.39,73000
HELE,05-May-2010,26.31,26.36,25.65,25.85,216400
HFBC,05-May-2010,13.03,13.03,12.6,12.6,2000
HFWA,05-May-2010,15.01,15.24,14.91,15.01,10100
HIBB,05-May-2010,27.98,28.49,27.72,27.72,210500
HIFS,05-May-2010,36.06,36.33,36.06,36.33,2100
HIHO,05-May-2010,2.36,2.44,2.35,2.36,13700
HIMX,05-May-2010,3.09,3.09,2.98,3.03,446200
HLIT,05-May-2010,6.92,7.02,6.76,6.79,685400
HMNF,05-May-2010,6,6.01,5.9,5.92,2500
HMSY,05-May-2010,17.8333,18.16,17.8267,18.0433,292600
HOFT,05-May-2010,15.82,16.25,15.8,15.89,24900
HOLI,05-May-2010,10,10.3,10,10.11,529900
HOLX,05-May-2010,15.9,16.34,15.86,16.25,6225200
HOMB,05-May-2010,6.87,6.8875,6.75,6.7925,52700
HOVNP,05-May-2010,10.54,10.99,10.5,10.5,5800
HPJ,05-May-2010,4,4.05,3.76,4,189900
HSIC,05-May-2010,60.55,61.5,60.19,60.37,784800
HSII,05-May-2010,24.92,25.56,24.92,25.4,138500
HSKA,05-May-2010,0.83,0.86,0.8,0.83,94000
HSNI,05-May-2010,32.39,34.16,31.41,31.96,1356200
HSTM,05-May-2010,4.77,4.77,4.69,4.72,5700
HTBK,05-May-2010,5.3,5.3,4.89,5.16,20300
HTHT,05-May-2010,14.5,14.52,13.95,14.1,262300
HTLD,05-May-2010,16.19,16.41,16.04,16.08,448200
HTLF,05-May-2010,19.44,19.61,19.1,19.15,17800
HUBG,05-May-2010,31.7,32.28,31.35,31.64,149900
HURC,05-May-2010,18.92,19.38,17.67,17.8,42600
HURN,05-May-2010,22.56,22.56,21.98,22.17,300500
HWBK,05-May-2010,12.6,13.2,12.5,12.85,13400
HWCC,05-May-2010,13.4,13.59,13.2,13.34,97100
HWKN,05-May-2010,27.14,27.56,27,27.34,16000
HYGS,05-May-2010,4.53,4.53,4.45,4.5,12700
IART,05-May-2010,20.545,21.275,20.475,21.15,297900
IBB,05-May-2010,88.71,88.77,86.8,88.76,1361600
IBCP,05-May-2010,1.05,1.05,0.92,1.01,136300
IBKC,05-May-2010,59.83,60.24,58.87,60.15,149700
IBKR,05-May-2010,16.84,17.06,16.71,16.74,257700
IBOC,05-May-2010,22.79,22.8,21.9,22.19,587700
ICAD,05-May-2010,1.38,1.49,1.35,1.47,112800
ICCC,05-May-2010,3.61,3.91,3.61,3.65,2700
ICFI,05-May-2010,23.02,23.43,22.89,23.13,168000
ICLK,05-May-2010,4.15,4.53,4.15,4.38,88600
ICLN,05-May-2010,17.63,17.63,17.14,17.16,20200
ICLR,05-May-2010,29,29.55,28.53,29.49,387300
ICON,05-May-2010,17.51,17.8,16.95,17.42,798500
ICUI,05-May-2010,35.02,35.48,34.94,35.27,57700
IDCC,05-May-2010,27.44,28.61,27,28.47,644700
IDRA,05-May-2010,6.37,6.46,6.21,6.31,29600
IDSA,05-May-2010,13.6667,14.8267,12.8067,14.4333,296800
IDSY,05-May-2010,3.37,3.4,3.3,3.31,22500
IDTI,05-May-2010,6.44,6.52,5.94,6,9452100
IDXX,05-May-2010,32.965,33.73,32.615,32.87,347300
IESC,05-May-2010,6.13,6.26,5.98,6.22,57100
IFEU,05-May-2010,25.61,25.61,25.45,25.52,2300
IFGL,05-May-2010,27.26,27.63,27.19,27.27,12400
IFON,05-May-2010,0.63,0.65,0.59,0.63,39100
IGLD,05-May-2010,25.75,26.99,25.75,26.44,24900
IGOV,05-May-2010,95.56,96.24,95.56,96.16,16000
III,05-May-2010,3.42,3.49,3.3,3.35,40300
IIIN,05-May-2010,12.02,12.38,11.98,12.14,82200
IIJI,05-May-2010,5.96,5.96,5.82,5.84,28800
IIN,05-May-2010,4.09,4.52,4.09,4.52,6200
IIVI,05-May-2010,17.165,17.37,16.945,17.105,109300
IKNX,05-May-2010,6.51,7.39,6.51,7.38,2100
ILMN,05-May-2010,41.52,42.51,41.12,42.02,1899200
IMGN,05-May-2010,10.2,10.25,9.85,9.85,735700
IMKTA,05-May-2010,15.26,15.4,15.09,15.11,35200
IMMR,05-May-2010,5.27,5.46,5.15,5.38,99600
IMMU,05-May-2010,3.49,3.49,3.33,3.44,608300
IMMY,05-May-2010,5,5,5,5,100
IMOS,05-May-2010,1.48,1.74,1.42,1.57,1644300
INAP,05-May-2010,5.91,6.03,5.8,5.98,421500
INCY,05-May-2010,11.53,13.31,8.5,13.06,3701800
INDB,05-May-2010,25.04,25.43,24.78,25.1,83400
INDY,05-May-2010,25.6,25.94,25.5,25.6,79100
INFI,05-May-2010,7.01,7.05,6.38,7,78800
INFN,05-May-2010,8.93,8.98,8.79,8.79,640800
INOD,05-May-2010,3.15,3.2,3.06,3.12,119800
INSM,05-May-2010,1.04,1.06,1.01,1.02,939100
INTC,05-May-2010,22.1,22.38,21.9,22.17,96854000
INTG,05-May-2010,15.09,15.09,14.92,14.95,400
INTU,05-May-2010,36.35,36.69,36.14,36.64,3792700
INTX,05-May-2010,4.7,5.03,4.56,4.96,12600
INVE,05-May-2010,16.5,17.4,16.5,16.7,5200
INWK,05-May-2010,5.95,6.03,5.85,6,153200
IOSP,05-May-2010,13.16,13.2,12.75,12.85,159300
IPAR,05-May-2010,16.87,16.9,16.21,16.28,118500
IPAS,05-May-2010,1.31,1.32,1.26,1.26,183800
IPCC,05-May-2010,45.96,46.43,45.45,45.55,34800
IPCI,05-May-2010,2.61,2.61,2.25,2.34,30800
IPGP,05-May-2010,18.73,18.92,18.04,18.14,153900
IPHS,05-May-2010,28.1,28.84,27.11,28.55,306800
IPXL,05-May-2010,18.94,18.94,17.69,18.47,1391000
IRBT,05-May-2010,19.67,19.79,18.84,19.01,171000
IRDM,05-May-2010,7.89,8.08,7.7,8.02,224000
IRIX,05-May-2010,4.38,4.5,4.3,4.45,11100
IRWD,05-May-2010,12.32,12.51,12.01,12.34,219200
ISBC,05-May-2010,5.4902,5.6078,5.4902,5.6039,295900
ISCA,05-May-2010,30.33,30.86,29.98,30.03,210400
ISHG,05-May-2010,96.1,96.82,95.95,96.47,44600
ISIG,05-May-2010,6.64,6.64,5.86,5.95,94000
ISNS,05-May-2010,13.52,14.18,13.5,13.5,11800
ISRG,05-May-2010,351.7,353.98,341.1,346.94,888200
ISRL,05-May-2010,59.2,59.2,59.2,59.2,100
ISSC,05-May-2010,5.59,5.75,5.55,5.73,11400
ITIC,05-May-2010,33.03,33.03,33.03,33.03,100
ITRI,05-May-2010,76.77,78.86,75.43,76.95,547300
ITRN,05-May-2010,14.7,14.74,14.23,14.67,61400
IVAC,05-May-2010,14.77,14.84,14.05,14.1,284600
IXYS,05-May-2010,9.02,9.23,8.85,8.9,46400
JACK,05-May-2010,23.61,24.16,23.26,23.36,794600
JAKK,05-May-2010,14.75,14.96,14.36,14.84,192500
JASO,05-May-2010,30.5,31.45,29.6,30.35,13308200
JAZZ,05-May-2010,10,10,9.01,9.74,375800
JBHT,05-May-2010,36.08,36.85,35.87,36.15,1556000
JBLU,05-May-2010,5.48,5.78,5.41,5.59,8095800
JBSS,05-May-2010,14.73,14.99,14.5,14.5,58900
JCOM,05-May-2010,22.93,23.14,22.2,23.07,641000
JCS,05-May-2010,12.61,12.7,12.43,12.54,16800
JCTCF,05-May-2010,3.565,3.565,3.565,3.565,0
JJSF,05-May-2010,46.9,47.23,46.58,46.63,33100
JKHY,05-May-2010,25.4,25.47,24.59,25.31,447700
JMBA,05-May-2010,16.6,16.7,15.45,15.95,887400
JOBS,05-May-2010,9.69,9.69,9.5,9.5,25300
JOUT,05-May-2010,12.16,12.74,11.2,12.66,2400
JRJC,05-May-2010,7.21,7.29,7.12,7.16,37300
JVA,05-May-2010,5.14,5.14,4.79,4.96,10400
JXSB,05-May-2010,11.53,11.88,11.53,11.88,400
KALU,05-May-2010,37.03,38.08,36.64,37.14,294600
KCAP,05-May-2010,5.34,5.72,5.08,5.58,221300
KELYA,05-May-2010,15.93,16.25,15.56,15.57,112000
KELYB,05-May-2010,17,17,17,17,0
KEQU,05-May-2010,14.89,14.89,12.95,13.13,8400
KERX,05-May-2010,6.08,6.35,5.5,5.57,9838100
KFFB,05-May-2010,9.42,10.45,9.33,9.55,21000
KFRC,05-May-2010,16.04,16.04,14.75,14.79,512200
KINS,05-May-2010,2.76,2.76,2.76,2.76,100
KIRK,05-May-2010,22.62,23.1,21.46,22.22,274300
KLAC,05-May-2010,33.67,34.78,32.69,33.04,4882900
KLIC,05-May-2010,8.12,8.43,7.91,7.99,2016000
KNDI,05-May-2010,4.52,4.54,3.96,4.13,187800
KONA,05-May-2010,4.94,5.15,4.6,4.83,17700
KOOL,05-May-2010,16,16,15.4,16,204000
KOPN,05-May-2010,4.41,4.48,4.29,4.45,883500
KOSS,05-May-2010,5.7,5.7,5.7,5.7,200
KRNY,05-May-2010,10.21,10.32,10.19,10.21,50200
KTCC,05-May-2010,6.03,6.16,5.9,6.05,99600
KTEC,05-May-2010,13.95,14.29,13.92,14.29,13900
KTOS,05-May-2010,14.37,14.37,14,14.25,81800
KVHI,05-May-2010,14.11,14.2,13.81,14.1,82800
LABL,05-May-2010,12.33,12.33,12.04,12.11,21600
LAKE,05-May-2010,8.94,9.02,8.94,9,2300
LAMR,05-May-2010,36.21,36.32,34.73,35.13,955800
LANC,05-May-2010,53.7,54.7,53.46,54.5,126900
LARK,05-May-2010,16,16,15.94,16,5000
LAWS,05-May-2010,16.39,16.45,15.61,15.77,20300
LAYN,05-May-2010,26.54,26.87,25.95,26.36,75600
LBAI,05-May-2010,10.22,10.56,10.12,10.17,49800
LBIX,05-May-2010,2.41,2.49,2.4,2.45,8700
LBTYA,05-May-2010,13.9295,13.9755,13.4236,13.5258,4803900
LBTYB,05-May-2010,27.84,27.84,27.84,27.84,0
LBTYK,05-May-2010,27.05,27.05,25.95,26.05,436800
LCUT,05-May-2010,14.3,14.3,13.14,14,86200
LECO,05-May-2010,29.5,29.52,28.855,28.9,164300
LFUS,05-May-2010,41.92,42.42,40.46,40.67,174000
LGCY,05-May-2010,22.16,22.65,20.1,22.05,593700
LGND,05-May-2010,11.28,11.28,10.92,11.1,429300
LHCG,05-May-2010,34.51,35.14,34.48,34.55,290000
LIFE,05-May-2010,53.23,53.23,51.94,52.87,1616800
LINC,05-May-2010,23.91,24.33,23.5,24.29,444300
LION,05-May-2010,8.51,8.51,7.94,8.38,46700
LIVE,05-May-2010,0.1933,0.23,0.1867,0.23,38400
LKFN,05-May-2010,13.84,14.14,13.7333,14,69700
LLNW,05-May-2010,4.04,4.24,3.85,4,473200
LMAT,05-May-2010,5.24,5.25,5,5,14900
LMNX,05-May-2010,15.82,16.09,15.51,16,188700
LNCE,05-May-2010,20,20.11,17.96,19.97,1045000
LNDC,05-May-2010,6.01,6.13,5.97,6.06,97200
LOAN,05-May-2010,1.25,1.29,1.2,1.25,4700
LOGI,05-May-2010,15.13,15.35,15,15.15,2047700
LOGM,05-May-2010,22.83,22.89,22.31,22.5,199500
LOOP,05-May-2010,11.19,11.53,11.17,11.46,88700
LOPE,05-May-2010,25,26,24.81,25.4,624000
LORL,05-May-2010,42.47,43,42.24,42.43,37600
LPNT,05-May-2010,35.58,35.9,34.87,34.93,671300
LPSN,05-May-2010,8.17,8.38,8.01,8.15,420100
LPTH,05-May-2010,2.2,2.2,2.08,2.17,24900
LQDT,05-May-2010,10.95,11.11,10.74,11.07,53500
LRAD,05-May-2010,1.6,1.7,1.53,1.57,85300
LRCX,05-May-2010,39.68,39.98,38.48,38.93,3025800
LSBK,05-May-2010,8,8,8,8,0
LSCC,05-May-2010,5.2,5.41,5.08,5.29,2139200
LSTR,05-May-2010,44,44.64,43.65,43.87,583800
LTBR,05-May-2010,31.25,31.3,30.25,30.75,47800
LTRX,05-May-2010,4.06,4.14,3.9,4.05,121900
LULU,05-May-2010,18.87,19.865,17.825,19.09,2009200
LUNA,05-May-2010,2.34,2.34,2.22,2.26,26800
LWAY,05-May-2010,10.8,10.83,10.31,10.46,36900
LXRX,05-May-2010,10.78,10.92,10.5,10.5,1414900
LYTS,05-May-2010,7.02,7.14,6.87,7.09,98200
MAGS,05-May-2010,3.69,3.7,3.69,3.69,4900
MANH,05-May-2010,7.065,7.215,6.9975,7.1625,158900
MANT,05-May-2010,44.69,44.99,44.1,44.26,185200
MARPS,05-May-2010,17.23,17.23,17.23,17.23,0
MASI,05-May-2010,23.7,25.42,23.51,25.33,2575900
MAT,05-May-2010,22.99,23.28,22.76,22.88,4829300
MATW,05-May-2010,34.13,34.51,33.83,34.18,102900
MAYS,05-May-2010,15.99,16.18,14.55,14.89,10400
MBFI,05-May-2010,23.37,24.34,23.24,24.16,310700
MBTF,05-May-2010,2.94,3.18,2.94,3.15,77500
MBWM,05-May-2010,6.46,6.49,5.89,6.07,19000
MCBC,05-May-2010,1.96,1.99,1.79,1.95,96500
MCHP,05-May-2010,28.86,29.24,28.5,28.99,3694200
MCHX,05-May-2010,5.06,5.24,4.97,5.02,40800
MCRI,05-May-2010,11.79,12.26,11.59,12.01,30700
MDCA,05-May-2010,12.68,12.97,12.5,12.84,114600
MDCO,05-May-2010,7.3,7.37,7.12,7.31,579800
MDRX,05-May-2010,19.19,19.31,18.92,19.16,1285300
MDSO,05-May-2010,7.41,7.475,7.37,7.445,41400
MELI,05-May-2010,48.27,48.56,46.07,47.37,802900
MEOH,05-May-2010,22.5,22.52,21.55,21.88,617300
MERC,05-May-2010,4.7,5.07,4.5,4.89,972800
MFNC,05-May-2010,5.95,6.55,5.5,6.55,10500
MFSF,05-May-2010,8.15,8.29,8.07,8.14,12200
MGEE,05-May-2010,24.6,24.9267,24.44,24.5733,58500
MGIC,05-May-2010,2.41,2.51,2.3,2.31,129900
MGLN,05-May-2010,41.96,42.13,40.75,41.24,288200
MGPI,05-May-2010,7.77,8,7.73,7.77,33000
MGRC,05-May-2010,24.95,25.32,24.61,24.64,33300
MGYR,05-May-2010,4.62,4.62,4.62,4.62,0
MHLD,05-May-2010,7.25,7.25,6.86,7.14,333500
MIDD,05-May-2010,20.1,20.2533,19.5367,20.0067,109600
MIND,05-May-2010,7.39,7.42,7.34,7.36,23700
MINI,05-May-2010,16.54,16.56,15.99,16.24,280800
MITL,05-May-2010,11.61,12.09,11.25,11.51,332600
MKSI,05-May-2010,21.87,22.49,21.51,21.55,418800
MKTX,05-May-2010,15.81,16.15,15.68,16,260200
MLAB,05-May-2010,24.22,24.22,23.4,23.6,400
MLHR,05-May-2010,20.82,21.01,20.49,20.58,497900
MLNK,05-May-2010,8.44,8.5,8.39,8.41,130000
MLNX,05-May-2010,24,24.17,22.38,23.64,291900
MLVF,05-May-2010,9,9,9,9,0
MMLP,05-May-2010,30.44,30.83,29.47,30.08,109200
MMSI,05-May-2010,12.496,12.648,12.464,12.544,53400
MNDO,05-May-2010,2.05,2.16,2.05,2.1,78300
MNKD,05-May-2010,34.95,35.25,33.5,34.15,1807700
MNOV,05-May-2010,5.63,5.73,5.63,5.65,1100
MNRO,05-May-2010,23.84,25.6,23.7067,25.1133,244900
MNST,05-May-2010,7.175,7.32,7.1333,7.1917,544000
MNTA,05-May-2010,13.82,14.18,13.44,13.89,288700
MNTX,05-May-2010,2.64,2.64,2.54,2.6,6500
MOFG,05-May-2010,14.39,14.39,14.08,14.3,1400
MORN,05-May-2010,47.34,48.35,47.1,47.77,121100
MOSY,05-May-2010,42.9,43.3,40,42.5,46200
MPAA,05-May-2010,6.93,6.96,6.78,6.79,28300
MPAC,05-May-2010,5.15,5.32,4.52,4.8,5000
MPB,05-May-2010,10,10,10,10,0
MPWR,05-May-2010,22.66,23.4,22.5,22.59,249800
MRCY,05-May-2010,12.63,12.73,12.38,12.49,57400
MRLN,05-May-2010,12.09,12.76,11.17,12.5,24700
MRTN,05-May-2010,14.6667,14.7733,14.54,14.6667,78400
MRVL,05-May-2010,19.35,20,19.2,19.42,17851400
MSBF,05-May-2010,8.02,8.05,7.93,8,4800
MSCC,05-May-2010,16.53,16.75,16.19,16.36,928300
MSEX,05-May-2010,17.71,17.77,17.27,17.36,17400
MSFG,05-May-2010,8.21,8.26,7.94,8.16,57000
MSFT,05-May-2010,29.77,30.09,29.69,29.85,66833700
MSON,05-May-2010,2.92,2.92,2.46,2.51,115100
MSTR,05-May-2010,73.04,75.41,71.73,72.45,342300
MTEX,05-May-2010,39,39.6,35,35.1,111300
MTRX,05-May-2010,10.83,11.17,10.59,10.98,143500
MTSC,05-May-2010,29.12,29.49,28.68,28.71,41700
MTSL,05-May-2010,3.35,3.5,2,2.1,200100
MU,05-May-2010,9.29,9.49,8.98,9.26,37391000
MVIS,05-May-2010,24.64,24.96,23.84,23.84,689200
MXIM,05-May-2010,18.9,19.16,18.56,18.7,5284000
MXWL,05-May-2010,13.91,13.99,13.27,13.36,163000
MYGN,05-May-2010,18,18.7,17.28,18.49,20328500
MYL,05-May-2010,21.4,22.06,21.29,21.83,9387800
MYRG,05-May-2010,17.64,18,17.34,17.97,114700
NAII,05-May-2010,7.56,7.8,7.51,7.7,2600
NANO,05-May-2010,9.81,10.09,9.39,9.9,373600
NATH,05-May-2010,15.33,15.72,15.2,15.72,9800
NATI,05-May-2010,21.4,22.14,21.04,21.8733,532700
NATR,05-May-2010,12.46,14.74,11.93,13.1,63700
NAVG,05-May-2010,19.395,19.565,19.2,19.305,123000
NAVI,05-May-2010,2.65,2.83,2.41,2.71,230300
NBIX,05-May-2010,2.93,2.93,2.3,2.66,398300
NBN,05-May-2010,13,13,12.81,12.81,2100
NBTB,05-May-2010,23.64,24.13,23.62,23.79,71800
NCMI,05-May-2010,18.7,18.87,18.4,18.65,161000
NCTY,05-May-2010,6.15,6.15,5.85,5.97,122300
NDAQ,05-May-2010,20.13,21.03,19.92,20.86,4141500
NDSN,05-May-2010,35.42,35.66,34.595,35.25,243100
NEOG,05-May-2010,17.44,17.5067,17.0867,17.16,45600
NEPT,05-May-2010,2.1,2.1,1.9,1.94,19400
NEWT,05-May-2010,7.3,7.65,7.3,7.65,6800
NFBK,05-May-2010,14.5,14.71,14.42,14.56,26900
NFLX,05-May-2010,13.93,14.5271,13.7443,14.0329,2107200
NICE,05-May-2010,30.16,30.2,29.39,29.81,300600
NICK,05-May-2010,9.05,9.2,8.76,9,48500
NIHD,05-May-2010,40.21,40.21,39.12,39.66,2339500
NITE,05-May-2010,15.15,15.49,15.15,15.34,2146200
NKSH,05-May-2010,26.84,27.49,26.65,26.75,7000
NKTR,05-May-2010,14.37,14.74,14.2,14.51,619100
NLST,05-May-2010,2.61,2.89,2.48,2.68,629600
NNBR,05-May-2010,7.02,7.02,6.85,6.86,21600
NRIM,05-May-2010,16.97,17.07,16.97,17.05,19700
NSEC,05-May-2010,13.25,13.25,13.25,13.25,0
NSIT,05-May-2010,14.82,14.91,14.29,14.38,275000
NSSC,05-May-2010,2.22,2.22,2.17,2.17,2900
NSYS,05-May-2010,3.93,3.93,3.93,3.93,0
NTAP,05-May-2010,33.87,34.19,33.47,34.07,4770700
NTCT,05-May-2010,14.25,14.25,13.91,13.96,334700
NTES,05-May-2010,32.54,33.43,32.31,32.78,521600
NTGR,05-May-2010,26.18,26.26,25.53,25.85,513100
NTIC,05-May-2010,9.1,9.1,9.1,9.1,700
NTRI,05-May-2010,22.08,23.16,21.65,22.51,1912200
NTRS,05-May-2010,53.28,54.74,53.27,53.93,1581700
NTWK,05-May-2010,8.1,8.3,8.1,8.3,70100
NUAN,05-May-2010,18.14,18.14,17.7,17.92,3441600
NURO,05-May-2010,334.08,334.08,312.96,326.4,58200
NUVA,05-May-2010,41.5,41.67,40.94,41.19,519000
NVAX,05-May-2010,2.73,2.73,2.52,2.62,1361400
NVDA,05-May-2010,14.45,14.87,14.32,14.5,33273800
NVEC,05-May-2010,45.45,46.42,45.37,46.06,43200
NVMI,05-May-2010,5.32,5.33,4.43,5.1,341100
NWBI,05-May-2010,12.35,12.39,12.1,12.18,631500
NWFL,05-May-2010,27.63,27.95,27.6,27.6,2100
NWLI,05-May-2010,181.32,182.71,176,176,3100
NWPX,05-May-2010,22.83,23.14,22.55,22.94,75200
NWS,05-May-2010,16.78,17.02,15.93,16.99,7232300
NWSA,05-May-2010,14.43,14.88,13.66,14.6,58075500
NXST,05-May-2010,6.35,6.42,5.37,6.15,58400
NXTM,05-May-2010,12.83,13.24,12.51,13.02,186500
NYMT,05-May-2010,7.6,7.7,7.59,7.68,70900
NYMX,05-May-2010,3.6,3.64,3.5,3.6,79500
NYNY,05-May-2010,10.05,10.25,9.8,10,104500
OBAS,05-May-2010,7.3,7.3,7,7.25,5400
OBCI,05-May-2010,2.14,2.36,2.1,2.12,32600
OCFC,05-May-2010,12.8,12.89,12.77,12.82,49600
OCLR,05-May-2010,13.99,14.3,13.1,14.3,578800
ODFL,05-May-2010,16.0045,16.3022,15.8667,16.1245,314900
OFIX,05-May-2010,32.93,33.83,32.88,33.09,86000
OFLX,05-May-2010,11.58,12,10.57,11.91,8700
OIIM,05-May-2010,7.01,7.5,6.9,6.94,434500
OLBK,05-May-2010,7.98,7.98,7.98,7.98,100
OMAB,05-May-2010,13.79,14.34,13.79,14.29,28000
OMCL,05-May-2010,13.31,13.39,12.97,13.05,296400
OMER,05-May-2010,6.16,6.28,5.81,6.02,40600
OMEX,05-May-2010,15.84,16.68,15.6,16.44,363500
ONEQ,05-May-2010,94.46,95.36,92.94,94.62,93500
OPHC,05-May-2010,46,52.8,46,52.8,8300
OPNT,05-May-2010,15.77,15.97,15.62,15.9,98800
OPOF,05-May-2010,13.82,13.86,13.4,13.69,6000
OPTT,05-May-2010,68.8,69.7,66.8,68.8,43900
ORBC,05-May-2010,2.25,2.25,2.12,2.22,72600
ORBK,05-May-2010,11.94,11.95,11.5,11.63,89800
OREX,05-May-2010,69.5,70.1,68.1,69.2,813400
ORIT,05-May-2010,16.48,16.59,16.29,16.29,8700
ORLY,05-May-2010,48.3,49.34,48.17,48.31,1720600
ORRF,05-May-2010,24.77,25.17,24.68,24.68,9100
OSBC,05-May-2010,5.36,5.41,5.26,5.32,111600
OSBCP,05-May-2010,7.25,7.25,7.25,7.25,200
OSIS,05-May-2010,24.8,25.02,24.35,24.66,255300
OSTK,05-May-2010,23.76,24.1,22.75,22.95,850700
OSUR,05-May-2010,6.3,6.41,6.2,6.3,137700
OTEX,05-May-2010,10.485,10.5675,10.3175,10.5225,280000
OTIV,05-May-2010,2.49,2.49,2.36,2.45,31200
OTTR,05-May-2010,22.17,22.35,21.39,21.61,310300
OVBC,05-May-2010,20.1,20.14,19.88,19.93,5500
OVLY,05-May-2010,4.5,4.5,4.5,4.5,0
OZRK,05-May-2010,9.2775,9.39,9.07,9.29,234300
PAAS,05-May-2010,24.6,25.65,24.5,25.39,1281400
PACW,05-May-2010,22.77,23.42,22.6,23.37,369700
PAGG,05-May-2010,24.1,24.49,23.71,24.18,50200
PANL,05-May-2010,12.91,13.46,12.59,13.34,189200
PATK,05-May-2010,2.0133,2.0133,1.9,1.9733,1100
PAYX,05-May-2010,30.4,30.79,30,30.16,2338500
PBCT,05-May-2010,15.15,15.18,14.92,15,8584500
PBHC,05-May-2010,6.52,6.75,6.51,6.75,300
PBIB,05-May-2010,14.03,14.05,13.31,13.43,11600
PBIP,05-May-2010,7.48,7.48,7.13,7.16,4500
PCAR,05-May-2010,45.84,46.46,44.94,45.15,3767800
PCLN,05-May-2010,251.49,256.26,241.02,246.98,1616300
PCTI,05-May-2010,6.4,6.52,6.26,6.48,36600
PCYO,05-May-2010,2.97,3.27,2.97,3.01,5100
PDCO,05-May-2010,31.1,31.23,30.84,31.16,1130400
PDEX,05-May-2010,0.76,0.82,0.74,0.74,97100
PDFS,05-May-2010,4.9,4.91,4.79,4.87,28300
PDLI,05-May-2010,5.8,5.96,5.7,5.93,4830000
PEBK,05-May-2010,7,7,6.79,6.79,6700
PEBO,05-May-2010,16.88,16.99,16.61,16.62,13500
PEGA,05-May-2010,16.055,16.15,15.8,16.09,411800
PEIX,05-May-2010,17.25,18,16.35,17.7,1930300
PENN,05-May-2010,30.06,31.1,29.33,30.42,1038900
PERY,05-May-2010,25.13,25.42,24.34,24.45,111000
PESI,05-May-2010,11.15,11.25,10.9,11.15,233500
PETS,05-May-2010,21.15,21.59,20.76,21.3,329800
PFBC,05-May-2010,2.45,2.46,2.23,2.3,668000
PFBI,05-May-2010,9.11,9.17,8.65,8.86,21000
PFIN,05-May-2010,2.35,2.35,2.35,2.35,0
PFSW,05-May-2010,4.34,4.53,4.06,4.4,278200
PGC,05-May-2010,14.2,14.2,13.75,13.75,14800
PGNX,05-May-2010,6.53,6.53,6.08,6.21,87800
PHII,05-May-2010,20.33,20.33,19.01,19.58,2800
PHIIK,05-May-2010,20.57,20.57,19.67,19.74,21300
PICO,05-May-2010,35.98,36.36,35.12,35.18,80500
PKBK,05-May-2010,12.49,12.49,11.32,11.38,7200
PKOH,05-May-2010,12.89,13.8,12.22,13.67,66400
PLAB,05-May-2010,5.21,5.26,4.99,4.99,417800
PLBC,05-May-2010,2.78,2.79,2.78,2.79,300
PLCE,05-May-2010,44.76,46.49,43.56,44.54,642700
PLPC,05-May-2010,33.63,33.63,32.99,33.22,4300
PLUG,05-May-2010,0.61,0.61,0.6,0.6,393200
PLUS,05-May-2010,9.07,9.13,9.01,9.055,9500
PLXS,05-May-2010,35.62,35.94,34.89,35.18,162200
PMBC,05-May-2010,5.05,5.05,4.83,5,11900
PMD,05-May-2010,8,8,7.94,7.94,1800
PNBK,05-May-2010,21.4,21.6,20.4,20.4,8500
PNFP,05-May-2010,14.68,15.04,14.37,14.65,174400
PNNT,05-May-2010,10.8,10.82,10.4,10.41,447300
PNQI,05-May-2010,27.24,27.63,27,27.19,6300
PNRG,05-May-2010,20.63,21.01,20.63,21.01,200
PNTR,05-May-2010,5.99,6.2,5.8,6.15,2300
PODD,05-May-2010,13.91,14.23,13.7,14.03,579800
POOL,05-May-2010,24.35,24.8,24.19,24.41,442200
POPE,05-May-2010,28,28.5,28,28.5,1500
POWI,05-May-2010,37.59,37.6,36.65,36.71,362200
POWL,05-May-2010,33.68,34.4,31.25,32.28,112100
PPBI,05-May-2010,5.19,5.19,4.9,4.9,3100
PPHM,05-May-2010,3.93,4,3.82,3.9,234300
PRAA,05-May-2010,21.3533,21.3567,20.95,21.0267,106500
PRAN,05-May-2010,9.6,9.6,9,9.06,185800
PRCP,05-May-2010,4.5,4.5,4.36,4.36,1700
PRFT,05-May-2010,12.09,12.19,11.78,11.83,120800
PRFZ,05-May-2010,58.74,58.99,57.69,58.18,50200
PRGS,05-May-2010,21.1733,21.9667,21.1733,21.8667,959300
PRGX,05-May-2010,5.67,5.74,5.23,5.29,262500
PRIM,05-May-2010,7.78,7.79,7.51,7.51,24700
PRKR,05-May-2010,18.5,18.9,18.5,18.8,60300
PROV,05-May-2010,5.94,6.15,5.62,6.09,100100
PRSC,05-May-2010,16.53,16.99,16.3,16.45,42200
PRTS,05-May-2010,8.77,8.8,8.44,8.64,138600
PSAU,05-May-2010,39.18,39.85,38.51,39.42,20300
PSDV,05-May-2010,4.75,4.95,4.57,4.78,34800
PSEC,05-May-2010,11.05,11.1,10.25,10.81,1918300
PSMT,05-May-2010,24.95,25.44,24.87,25.29,96400
PSTI,05-May-2010,1.2,1.2,1.14,1.16,38800
PTEN,05-May-2010,14.49,14.79,14.34,14.49,5667900
PTIE,05-May-2010,41.3,41.79,40.04,40.18,122700
PTNR,05-May-2010,17.8,18.19,16.89,17.99,574900
PTSI,05-May-2010,16.05,16.15,16,16.15,5100
PWOD,05-May-2010,30.75,30.94,29,29.1,10000
PXLW,05-May-2010,4.73,4.99,4.65,4.94,158500
PZZA,05-May-2010,13.67,13.67,12.48,12.545,687300
QABA,05-May-2010,27.15,27.15,25.95,26.25,8400
QBAK,05-May-2010,11.46,11.7,11.46,11.7,600
QCLN,05-May-2010,15.54,15.62,15.3,15.47,13000
QCOM,05-May-2010,37.2,37.89,37,37.63,18405000
QCRH,05-May-2010,13.49,13.6,13.14,13.55,28900
QDEL,05-May-2010,13.03,13.06,12.97,12.98,601300
QNST,05-May-2010,16.9,16.92,15.5,15.72,100100
QQEW,05-May-2010,21,21.11,20.85,21.01,27600
QQQ,05-May-2010,47.98,48.5,47.64,48.18,128560100
QQQX,05-May-2010,13.52,13.7,13.43,13.58,82400
QQXT,05-May-2010,19.22,19.26,19.15,19.26,800
QSII,05-May-2010,31.14,31.385,30.69,30.755,453700
QTEC,05-May-2010,21.85,22.12,21.7,21.88,206000
QUIK,05-May-2010,3.52,3.67,3.45,3.55,329700
RADA,05-May-2010,4.5,4.6,4.4,4.58,3700
RAIL,05-May-2010,27.71,27.71,26.9,27,105000
RAND,05-May-2010,3.52,3.52,3.52,3.52,0
RAVN,05-May-2010,15.355,15.605,15.205,15.285,29800
RBCAA,05-May-2010,24.36,24.55,23.56,23.74,72200
RBCN,05-May-2010,245.6,248.9,235.6,245.1,869300
RCII,05-May-2010,24.84,25.54,24.53,24.98,844000
RCKY,05-May-2010,10.17,10.17,9.9,9.9,8400
RCMT,05-May-2010,4,4,3.7,3.84,10800
RCON,05-May-2010,5.69,5.74,5.52,5.6,48400
RDCM,05-May-2010,4.1,4.4,4.02,4.34,20600
RDI,05-May-2010,4.05,4.05,3.88,3.95,46200
RDNT,05-May-2010,3.44,3.6,3.14,3.59,238600
RDWR,05-May-2010,9.79,9.935,9.55,9.885,206700
RECN,05-May-2010,16.93,17.13,16.87,17.1,347800
REFR,05-May-2010,3.26,3.44,3.2,3.4,35300
REGN,05-May-2010,27.63,27.94,26.3,26.86,680100
REIS,05-May-2010,6.22,6.22,5.9,6.16,39200
RELL,05-May-2010,11.41,11.52,11.03,11.4,126500
RELV,05-May-2010,20.23,20.23,19.95,19.95,2200
REXX,05-May-2010,130,137.5,124.6,130.9,856100
RFIL,05-May-2010,2.505,2.52,2.505,2.505,5400
RGCO,05-May-2010,10.5867,10.5867,10.3433,10.3433,1100
RGEN,05-May-2010,3.48,3.53,3.41,3.43,63500
RGLD,05-May-2010,48.52,49.46,47.8,48.73,1013000
RICK,05-May-2010,11.82,12.02,10.93,11.52,225200
RIGL,05-May-2010,7.55,7.78,7.5,7.54,624300
RLOG,05-May-2010,5.27,5.27,5.07,5.07,7300
RMBS,05-May-2010,24.21,24.45,23.21,23.86,1782200
RMCF,05-May-2010,9.66,9.66,9.45,9.47,9200
RMTI,05-May-2010,5.6,5.74,5.6,5.7,41100
RNST,05-May-2010,15.81,16.34,15.81,15.94,43600
RNWK,05-May-2010,4.18,4.26,4.13,4.25,531600
ROCK,05-May-2010,14.84,15.48,14.53,14.9,343900
ROIC,05-May-2010,9.75,9.93,9.75,9.84,206800
ROLL,05-May-2010,30.9,30.92,29.92,30.07,71800
ROSE,05-May-2010,24.81,25.02,23.81,24.03,689200
ROSG,05-May-2010,28.8,29.4,27,27.3,23300
ROST,05-May-2010,13.7125,14.0175,13.5875,13.75,2452200
RPRX,05-May-2010,0.85,0.85,0.8,0.8,1422500
RRGB,05-May-2010,24.4,25.35,23.52,24.69,382500
RSYS,05-May-2010,9.71,10.01,9.6,9.65,81000
RTIX,05-May-2010,3.69,3.88,3.6,3.75,321500
RUSHA,05-May-2010,16,16.41,15.75,15.83,89200
RUSHB,05-May-2010,13.68,13.73,13.21,13.21,1600
RUTH,05-May-2010,4.95,5.09,4.77,4.95,434000
RVSB,05-May-2010,2.82,2.95,2.82,2.84,20700
RXII,05-May-2010,41.2,41.6,38.5,39,166000
RYAAY,05-May-2010,25.91,26.3,25.54,25.64,775700
SAFM,05-May-2010,56.95,57.56,56.74,57.44,174600
SAFT,05-May-2010,37.09,37.65,37.05,37.19,40800
SAIA,05-May-2010,10.8333,11.1,10.7133,10.8267,73600
SALM,05-May-2010,4.2,4.23,4.06,4.14,41100
SANM,05-May-2010,15.95,17.06,15.31,16.83,2470000
SASR,05-May-2010,16.71,17.13,16.39,16.78,81200
SATS,05-May-2010,18.56,18.69,18.37,18.6,66800
SBAC,05-May-2010,34.22,34.41,33.21,33.68,2321700
SBBX,05-May-2010,6.5,6.6,6.2,6.6,12200
SBCF,05-May-2010,11.5,12,11.1,11.45,2679000
SBGI,05-May-2010,6.59,7.1,6.25,6.98,1204600
SBLK,05-May-2010,209.25,210.75,201,210.75,425000
SBNY,05-May-2010,39.61,40.31,39.58,40.11,211500
SBNYW,05-May-2010,19.71,19.71,19,19,300
SBSI,05-May-2010,20.2857,20.6667,20.1143,20.6,43100
SBUX,05-May-2010,12.97,13.285,12.88,13.11,11153400
SCHL,05-May-2010,26.53,26.88,26.33,26.64,308000
SCHN,05-May-2010,51.85,53.25,50.89,51.8,961200
SCKT,05-May-2010,3.07,3.1,3,3.1,4500
SCMP,05-May-2010,3.88,4.03,3.88,3.92,67100
SCON,05-May-2010,478.8,489.6,477,482.4,25400
SCSC,05-May-2010,27.42,27.73,27,27,136600
SCVL,05-May-2010,17.3333,17.98,17.04,17.5733,35700
SEAC,05-May-2010,8.3,8.49,8.25,8.25,234200
SEED,05-May-2010,8.34,8.36,7.88,8.16,527500
SEIC,05-May-2010,22.66,22.95,22.59,22.81,1613700
SENEA,05-May-2010,32.18,32.18,31.4,31.71,17100
SENEB,05-May-2010,32.01,32.01,31.53,31.53,500
SFLY,05-May-2010,22.61,22.79,22.11,22.14,255600
SFNC,05-May-2010,27.92,28.5,27.92,28.05,43500
SFST,05-May-2010,8.5,8.5,8.5,8.5,0
SGC,05-May-2010,9.49,9.61,9.19,9.4,8600
SGEN,05-May-2010,12.71,12.71,11.51,12.04,1402900
SGMA,05-May-2010,6.12,6.16,6.06,6.1,5500
SGMO,05-May-2010,5.64,5.64,5.25,5.27,541500
SGMS,05-May-2010,13.97,14.11,13.48,13.48,1013700
SGRP,05-May-2010,0.69,0.8,0.67,0.8,6700
SHBI,05-May-2010,12.8,12.88,12.5,12.75,20700
SHEN,05-May-2010,8.495,8.635,8.495,8.525,27400
SHIP,05-May-2010,6.3,7.6,6,7.15,1272100
SHIPW,05-May-2010,0.07,0.07,0.06,0.06,25000
SHLD,05-May-2010,116.98,117.04,114.3,115.25,974600
SHLM,05-May-2010,25.3,25.49,24.62,24.72,589600
SHLO,05-May-2010,8.2,8.2,7.77,8.09,10500
SHOO,05-May-2010,15.9245,16.3245,15.1111,15.6222,1017200
SIEB,05-May-2010,2.37,2.37,2.37,2.37,0
SIFI,05-May-2010,6.3,6.31,6.28,6.28,1300
SIFY,05-May-2010,1.61,1.64,1.58,1.61,65900
SIGI,05-May-2010,16.46,16.75,16.3,16.32,133300
SIGM,05-May-2010,11.35,11.51,10.89,11.08,306700
SILC,05-May-2010,9.88,9.94,9.74,9.83,6800
SIMO,05-May-2010,6.01,6.05,5.77,5.77,275000
SINA,05-May-2010,33.8,35.11,33.78,34.5,1392800
SINO,05-May-2010,3.5,3.54,3.36,3.54,6500
SIRI,05-May-2010,1.13,1.14,1.09,1.12,104818100
SIVB,05-May-2010,46.41,47.7,45.76,47.67,485200
SKYW,05-May-2010,14.57,14.88,14.3,14.34,683900
SLAB,05-May-2010,46.87,47.79,46.25,46.92,868200
SLGN,05-May-2010,14.61,14.935,14.55,14.845,637000
SLP,05-May-2010,2.29,2.47,2.28,2.46,33500
SLRC,05-May-2010,22.89,23.25,22.27,23.04,193800
SMBC,05-May-2010,7.025,7.375,7.025,7.2,3500
SMCI,05-May-2010,13.58,13.84,13.2,13.35,261700
SMED,05-May-2010,6.85,6.89,6.52,6.58,101200
SMIT,05-May-2010,3.9,3.9,3.9,3.9,0
SMMF,05-May-2010,4.39,4.4,4.02,4.19,26200
SMRT,05-May-2010,9.25,9.51,9.11,9.25,154100
SMSI,05-May-2010,38.16,39.08,37.4,38.72,273300
SMTC,05-May-2010,17.63,18.09,17.51,17.62,607300
SMTX,05-May-2010,3.74,3.93,3.56,3.74,237300
SNBC,05-May-2010,28.55,28.55,27.15,27.25,38000
SNCR,05-May-2010,21.64,21.92,21.3,21.57,195800
SNFCA,05-May-2010,2.61,2.98,2.41,2.75,13000
SNHY,05-May-2010,18.6333,18.9867,17.8067,18.86,44700
SNMX,05-May-2010,4.3,4.39,4.03,4.37,210000
SNPS,05-May-2010,22.29,22.5,22.08,22.09,1228400
SNSS,05-May-2010,5.46,5.76,5.34,5.76,3388500
SOFO,05-May-2010,7.25,7.25,7.25,7.25,400
SOHU,05-May-2010,46.16,46.9,45.41,46.29,1056300
SONA,05-May-2010,8.08,8.34,8.08,8.2,20000
SONC,05-May-2010,11.98,12.2,11.77,11.84,775300
SORL,05-May-2010,10,10.05,9,9.7,368400
SPAR,05-May-2010,5.77,5.86,5.52,5.58,316300
SPEX,05-May-2010,509.2,509.2,475,501.6,59400
SPIL,05-May-2010,5.75,5.83,5.61,5.73,3686000
SPNS,05-May-2010,2.16,2.16,2.1,2.13,5300
SPPI,05-May-2010,4.9,5.14,4.85,4.93,1019500
SPRO,05-May-2010,2.81,2.81,2.77,2.81,14200
SPRT,05-May-2010,4.19,4.29,4.14,4.25,204000
SPSC,05-May-2010,13.12,13.55,13.12,13.48,38000
SPTN,05-May-2010,15.03,15.17,14.95,14.99,107500
SQQQ,05-May-2010,3588.48,3657.6,3475.2,3538.56,484600
SRCE,05-May-2010,18.58,19.25,18.58,19.04,21800
SRCL,05-May-2010,57.28,57.84,57.05,57.44,514900
SRDX,05-May-2010,17.99,18.48,17.99,18.06,151600
SSBI,05-May-2010,6.12,6.72,6.12,6.58,2700
SSFN,05-May-2010,9.26,9.26,9.26,9.26,0
SSNC,05-May-2010,16.52,16.72,16.1,16.33,117700
SSYS,05-May-2010,23.8,23.93,23.16,23.6,106200
STAA,05-May-2010,5.3,5.36,4.85,4.93,165600
STBA,05-May-2010,22.04,22.6,21.74,22.49,165400
STFC,05-May-2010,18.33,18.86,18.33,18.6,55600
STKL,05-May-2010,4.47,4.48,4.36,4.44,83100
STLD,05-May-2010,14.69,15.83,14.5,15.47,8499500
STLY,05-May-2010,9.29,9.58,8.9,9.22,29200
STMP,05-May-2010,10.67,10.76,10.29,10.4,72800
STRA,05-May-2010,240.47,248.1,239.18,245,100100
STRL,05-May-2010,16.73,17.2,16.69,16.85,73400
STRM,05-May-2010,1.9,1.94,1.86,1.92,14700
STRS,05-May-2010,11.35,11.35,11.35,11.35,100
STRT,05-May-2010,26.15,26.19,23.2,23.35,6900
STX,05-May-2010,18.66,19.03,18.14,18.36,23430300
SUMR,05-May-2010,7,7.15,6.98,7.05,46900
SVA,05-May-2010,5.44,5.5,5.1,5.35,575200
SVBI,05-May-2010,5.94,5.94,5.89,5.89,200
SWIR,05-May-2010,7.71,7.82,7.48,7.8,298700
SWKS,05-May-2010,16.5,16.81,15.95,16.43,7080400
SYBT,05-May-2010,15.66,15.8467,15.4733,15.5133,12800
SYKE,05-May-2010,20.41,20.45,19.8,19.94,599300
SYMC,05-May-2010,16.21,16.4,16.13,16.25,22445900
SYNA,05-May-2010,29.37,30.37,29,29.6,792000
SYNL,05-May-2010,9.89,10.11,9.81,10.06,5600
SYNT,05-May-2010,17.885,18.125,17.885,17.995,66300
SYPR,05-May-2010,4.51,4.56,4.45,4.53,11500
TACT,05-May-2010,7.5,7.74,7.29,7.55,20700
TAIT,05-May-2010,1.62,1.62,1.62,1.62,400
TAST,05-May-2010,7.17,7.19,6.96,7.05,111800
TATT,05-May-2010,7.04,7.16,7.04,7.15,3900
TAYD,05-May-2010,5.98,6.24,5.98,6.01,4600
TBBK,05-May-2010,8.55,8.84,8.5,8.64,48900
TBNK,05-May-2010,19.2,19.37,18.54,18.81,16200
TCBI,05-May-2010,19.13,19.47,18.91,19.23,197400
TCBK,05-May-2010,19.25,19.49,19.25,19.39,27700
TCRD,05-May-2010,12.62,12.8,12.35,12.6,109500
TCX,05-May-2010,2.88,2.92,2.8,2.8,152400
TEAM,05-May-2010,5.95,6,5.34,5.38,10100
TECD,05-May-2010,41.75,42.73,41.75,41.94,440200
TECH,05-May-2010,64.01,64.51,62.96,63.01,221700
TESS,05-May-2010,16.7067,17.14,16.6667,16.78,16800
TFSL,05-May-2010,14.13,14.29,14.03,14.13,318200
TGA,05-May-2010,7.15,7.41,7.15,7.2,378000
THFF,05-May-2010,28.72,28.99,28.33,28.4,16200
TICC,05-May-2010,7.15,7.21,7.03,7.15,169100
TISA,05-May-2010,0.85,0.91,0.85,0.91,3400
TITN,05-May-2010,13.72,13.9,13.35,13.69,205700
TIVO,05-May-2010,16.78,17.4,16.73,16.8,2016000
TLT,05-May-2010,94.06,94.85,93.35,93.89,12219000
TNDM,05-May-2010,14.94,15.19,13.76,14.09,3929000
TOPS,05-May-2010,1652,1680,1610,1638,47800
TORM,05-May-2010,7.5,9.15,7.2,8.44,120300
TOWN,05-May-2010,16.09,16.38,16.05,16.14,33600
TQQQ,05-May-2010,6.7794,7.0069,6.65,6.8838,360900
TREE,05-May-2010,7.9,8.12,7.83,7.83,52900
TRIB,05-May-2010,6,6.19,5.77,5.94,125000
TRMB,05-May-2010,15.13,15.365,15.115,15.185,488400
TRMK,05-May-2010,23.45,24.01,23.23,23.5,475200
TRNS,05-May-2010,7,7,7,7,0
TROW,05-May-2010,56.79,57.6,56.31,56.58,1703000
TRS,05-May-2010,10.14,10.76,9.89,10.3,341600
TRST,05-May-2010,6.62,6.77,6.58,6.71,360600
TRUE,05-May-2010,3.23,3.35,3.21,3.32,3800
TSBK,05-May-2010,4.75,4.75,4.36,4.47,6300
TSCO,05-May-2010,16.3975,16.81,16.3,16.475,588000
TSEM,05-May-2010,19.5,20.25,18.75,19.8,1386800
TSRI,05-May-2010,2.49,2.56,2.48,2.52,4300
TTEC,05-May-2010,16.02,16.41,15.97,16.18,572500
TTEK,05-May-2010,24.2,24.39,23.87,24.08,396900
TTGT,05-May-2010,4.61,4.71,4.53,4.61,123400
TTMI,05-May-2010,10.48,11.11,10.39,11.07,877800
TTWO,05-May-2010,10.5,10.52,10.15,10.29,1929600
TUES,05-May-2010,5.55,5.67,5.28,5.28,629200
TWIN,05-May-2010,13.02,13.12,12.95,13.05,30600
TWMC,05-May-2010,2.13,2.21,2.07,2.08,25500
TXN,05-May-2010,25.53,26.18,25.19,25.87,21466700
TXRH,05-May-2010,14.63,15.18,14.48,14.58,902600
TYPE,05-May-2010,10.06,10.39,10.06,10.26,63800
TZOO,05-May-2010,18.83,19.42,18.39,18.78,55400
UBCP,05-May-2010,8.35,8.39,8.25,8.39,3500
UBFO,05-May-2010,4.8,4.8,4.65,4.8,1900
UBNK,05-May-2010,13.67,13.88,13.6,13.61,37400
UBOH,05-May-2010,9.54,9.61,9.35,9.43,4700
UBSH,05-May-2010,16.66,17.49,16.61,16.84,66000
UBSI,05-May-2010,28.16,28.89,27.94,28.52,211800
UCBA,05-May-2010,7.6,7.69,7.6,7.6,400
UCBI,05-May-2010,5.45,5.7,5.3,5.41,750800
UCFC,05-May-2010,2.1,2.24,1.94,2.06,101900
UCTT,05-May-2010,9.91,10.02,9.66,9.88,136900
UEIC,05-May-2010,21.18,21.75,20.76,20.77,37900
UEPS,05-May-2010,15.26,15.36,14.85,15.01,763000
UFCS,05-May-2010,22.22,22.8,22.01,22.17,64000
UFPI,05-May-2010,41.25,41.43,39.42,39.73,221700
UFPT,05-May-2010,10,10,8.26,8.86,345000
UG,05-May-2010,12.49,12.49,12.49,12.49,400
UHAL,05-May-2010,59.84,60.72,59.24,59.44,16600
ULBI,05-May-2010,4.14,4.2,4.07,4.16,56600
ULTA,05-May-2010,22.64,23.13,22.01,22.5,270600
ULTI,05-May-2010,33.85,34.34,33.43,33.53,216100
UMBF,05-May-2010,40.76,41.37,40.26,40.58,172800
UMPQ,05-May-2010,13.57,14.05,13.38,13.79,1832200
UNAM,05-May-2010,9.4,9.45,9.38,9.43,2600
UNB,05-May-2010,18.95,18.95,18.95,18.95,100
UNFI,05-May-2010,30.92,31.31,30.74,31.05,343000
UNTY,05-May-2010,5.58,5.58,5.32,5.51,4000
URBN,05-May-2010,37.49,38.5,37.24,38.05,3674400
USAK,05-May-2010,16.66,17.35,16.66,17.1,9400
USAP,05-May-2010,23.68,24.04,23.42,23.74,55600
USAT,05-May-2010,0.9,0.92,0.72,0.79,390600
USATP,05-May-2010,8.5,8.5,8.5,8.5,2000
USEG,05-May-2010,33.6,34.32,32.58,33.9,197100
USLM,05-May-2010,39.66,40.14,39.66,39.95,1200
UTHR,05-May-2010,54.32,55.46,52.45,55.31,945100
UTMD,05-May-2010,28.12,28.24,28,28.01,6800
UTSI,05-May-2010,7.92,8.13,7.53,7.74,2328500
UVSP,05-May-2010,19.43,20,19.42,19.53,28500
VALU,05-May-2010,21.33,21.83,21,21.6,25000
VBFC,05-May-2010,60.8,65.44,60.8,64.8,3600
VCIT,05-May-2010,77.62,77.62,76.76,77.11,51700
VCLT,05-May-2010,77.38,77.48,76.89,76.95,4800
VCSH,05-May-2010,76.61,76.7,76.32,76.57,45500
VDSI,05-May-2010,6.69,6.74,6.56,6.58,377200
VECO,05-May-2010,44.73,47.1,44.08,46.47,2357200
VGIT,05-May-2010,60.2,60.43,60.2,60.39,2300
VGLT,05-May-2010,60.12,60.12,59.6,59.6,800
VGSH,05-May-2010,60.14,60.25,60.14,60.23,33000
VIA,05-May-2010,38.01,38.07,37.1,37.67,76500
VIAB,05-May-2010,34.47,34.47,33.44,33.82,6396600
VICL,05-May-2010,37,37.7,36.2,36.7,173200
VICR,05-May-2010,15.16,15.27,14.44,14.52,92600
VIRC,05-May-2010,3.41,3.41,3.33,3.33,2200
VIVO,05-May-2010,19.67,19.82,19.23,19.41,277600
VLGEA,05-May-2010,25.87,25.87,25.43,25.45,7100
VMBS,05-May-2010,50.32,50.45,49.82,50.33,27000
VNDA,05-May-2010,8.35,8.36,7.05,8.23,1518200
VOD,05-May-2010,21.29,21.45,21.25,21.37,9052800
VOXX,05-May-2010,9.11,9.11,8.67,8.67,55500
VRSK,05-May-2010,28.08,28.56,28,28.3,423000
VRSN,05-May-2010,26.75,27.1,26.52,26.76,2635000
VRTS,05-May-2010,23.96,24.3,23.4,24.01,9800
VRTU,05-May-2010,9.88,10.01,9.81,9.81,43300
VRTX,05-May-2010,38.2,38.68,37,37.55,2933200
VSAT,05-May-2010,34.26,34.98,34.19,34.53,225500
VSEC,05-May-2010,19.495,20.22,18.97,19.97,35100
VVUS,05-May-2010,11.31,12.25,11.08,12.01,8832900
WABC,05-May-2010,56.35,57.49,56.11,57.06,216500
WAFD,05-May-2010,19.29,19.53,18.99,19.06,1033400
WASH,05-May-2010,18.3,18.39,18.09,18.14,20200
WDC,05-May-2010,40.02,41.2,39.58,40.66,3948800
WDFC,05-May-2010,35.43,35.86,35.08,35.5,42600
WERN,05-May-2010,21.92,22.27,21.5,21.95,1002700
WEYS,05-May-2010,23.83,24.01,23.31,23.31,5100
WILC,05-May-2010,5.71,5.93,5.67,5.82,73900
WIN,05-May-2010,11.02,11.09,10.91,11,5560800
WINA,05-May-2010,27,28,27,28,1600
WIRE,05-May-2010,21.37,21.64,21,21.11,94700
WLDN,05-May-2010,2.29,2.29,2.29,2.29,1000
WLFC,05-May-2010,13.34,13.44,12.38,12.53,27800
WMGI,05-May-2010,18.98,19.61,18.61,19.03,1085300
WOOD,05-May-2010,41.07,41.72,40.37,40.99,14500
WPCS,05-May-2010,486.64,488.18,480.48,488.18,13900
WPRT,05-May-2010,17.99,19.17,17.1,18.51,557200
WRLD,05-May-2010,35,35.06,33.55,33.64,381300
WRLS,05-May-2010,3.28,3.64,3.26,3.56,186600
WSBC,05-May-2010,18.8,19.57,18.75,19.13,75700
WSBF,05-May-2010,3.73,4.03,3.65,3.71,31800
WSCI,05-May-2010,2.37,2.56,2.34,2.4,4900
WSFS,05-May-2010,14.1067,14.4267,13.6867,14.13,28300
WSTG,05-May-2010,9.49,9.75,9.49,9.67,4100
WSTL,05-May-2010,5.4,5.56,5.2,5.56,175800
WTBA,05-May-2010,7.59,7.64,7.4,7.48,23600
WTFC,05-May-2010,37.42,38.49,37.1,38.07,308500
WVFC,05-May-2010,14,14,14,14,0
WVVI,05-May-2010,3.51,3.54,3.51,3.54,1100
WYNN,05-May-2010,85.98,88.97,83.8,85.57,3776800
XBKS,05-May-2010,8.28,8.28,8.28,8.28,100
XLNX,05-May-2010,25.32,25.83,24.92,25.32,8169900
XOMA,05-May-2010,13.2,13.6,13,13.6,2620000
XRAY,05-May-2010,36.05,36.51,35.52,35.65,1544900
YORW,05-May-2010,13.79,13.79,13.5,13.52,36900
YRCW,05-May-2010,0.49,0.52,0.45,0.48,49815400
ZAGG,05-May-2010,2.92,2.94,2.6,2.72,332800
ZBRA,05-May-2010,29.12,30.1,28.41,28.93,542100
ZEUS,05-May-2010,28.96,29,27.55,28.07,258600
ZION,05-May-2010,27.34,28.67,26.65,27.86,7580600
ZIOP,05-May-2010,6.06,6.24,5.88,6.09,483700
ZIXI,05-May-2010,2.43,2.49,2.22,2.42,522400
ZN,05-May-2010,6.1,6.1,5.8,6.07,226300
ZUMZ,05-May-2010,18.18,18.8,17.58,18.26,232500
